35
20
m 0 19
1 34 0
2 34 0
3 34 0
w 6 0
w 7 0
w 8 0
w 9 0
w 10 0
w 24 0
w 25 0
w 26 0
w 27 0
w 28 0
w 1 1
w 2 1
w 4 1
w 6 1
w 7 1
w 8 1
w 9 1
w 10 1
w 12 1
w 13 1
w 15 1
w 16 1
w 17 1
w 18 1
w 19 1
w 21 1
w 22 1
w 24 1
w 25 1
w 26 1
w 27 1
w 28 1
w 30 1
w 32 1
w 33 1
w 1 2
w 2 2
w 4 2
w 6 2
w 7 2
w 8 2
w 9 2
w 10 2
w 12 2
w 13 2
w 21 2
w 22 2
w 24 2
w 25 2
w 26 2
w 27 2
w 28 2
w 30 2
w 32 2
w 33 2
w 1 3
w 2 3
w 4 3
w 12 3
w 13 3
w 15 3
w 17 3
w 19 3
w 21 3
w 22 3
w 30 3
w 32 3
w 33 3
w 7 4
w 8 4
w 9 4
w 10 4
w 17 4
w 24 4
w 25 4
w 26 4
w 27 4
w 1 5
w 3 5
w 4 5
w 5 5
w 7 5
w 8 5
w 12 5
w 13 5
w 14 5
w 15 5
w 16 5
w 17 5
w 18 5
w 19 5
w 20 5
w 21 5
w 22 5
w 26 5
w 27 5
w 29 5
w 30 5
w 31 5
w 33 5
w 8 6
w 10 6
w 11 6
w 12 6
w 13 6
w 14 6
w 15 6
w 16 6
w 17 6
w 18 6
w 19 6
w 20 6
w 21 6
w 22 6
w 23 6
w 24 6
w 26 6
w 1 7
w 3 7
w 5 7
w 6 7
w 8 7
w 10 7
w 11 7
w 12 7
w 13 7
w 14 7
w 15 7
w 16 7
w 17 7
w 18 7
w 19 7
w 20 7
w 21 7
w 22 7
w 23 7
w 24 7
w 26 7
w 28 7
w 29 7
w 31 7
w 33 7
w 10 8
w 11 8
w 12 8
w 13 8
w 14 8
w 15 8
w 16 8
w 17 8
w 18 8
w 19 8
w 20 8
w 21 8
w 22 8
w 23 8
w 24 8
w 1 9
w 2 9
w 4 9
w 6 9
w 7 9
w 8 9
w 10 9
w 11 9
w 12 9
w 13 9
w 14 9
w 15 9
w 16 9
w 17 9
w 18 9
w 19 9
w 20 9
w 21 9
w 22 9
w 23 9
w 24 9
w 26 9
w 27 9
w 28 9
w 30 9
w 32 9
w 33 9
w 1 10
w 2 10
w 4 10
w 6 10
w 7 10
w 8 10
w 13 10
w 14 10
w 15 10
w 16 10
w 17 10
w 18 10
w 19 10
w 20 10
w 21 10
w 26 10
w 27 10
w 28 10
w 30 10
w 32 10
w 33 10
w 1 11
w 2 11
w 10 11
w 11 11
w 13 11
w 14 11
w 15 11
w 16 11
w 17 11
w 18 11
w 19 11
w 20 11
w 21 11
w 23 11
w 24 11
w 32 11
w 33 11
w 4 12
w 5 12
w 7 12
w 8 12
w 10 12
w 11 12
w 13 12
w 14 12
w 15 12
w 16 12
w 17 12
w 18 12
w 19 12
w 20 12
w 21 12
w 23 12
w 24 12
w 26 12
w 27 12
w 29 12
w 30 12
w 1 13
w 3 13
w 4 13
w 5 13
w 7 13
w 8 13
w 10 13
w 11 13
w 23 13
w 24 13
w 26 13
w 27 13
w 29 13
w 30 13
w 31 13
w 33 13
w 1 14
w 3 14
w 4 14
w 5 14
w 7 14
w 8 14
w 13 14
w 14 14
w 15 14
w 16 14
w 17 14
w 18 14
w 19 14
w 20 14
w 21 14
w 26 14
w 27 14
w 29 14
w 30 14
w 31 14
w 33 14
w 1 15
w 3 15
w 4 15
w 5 15
w 7 15
w 8 15
w 10 15
w 11 15
w 23 15
w 24 15
w 26 15
w 27 15
w 29 15
w 30 15
w 31 15
w 33 15
w 5 16
w 7 16
w 8 16
w 10 16
w 11 16
w 12 16
w 13 16
w 14 16
w 15 16
w 16 16
w 17 16
w 18 16
w 19 16
w 20 16
w 21 16
w 22 16
w 23 16
w 24 16
w 26 16
w 27 16
w 29 16
w 1 17
w 2 17
w 3 17
w 10 17
w 11 17
w 12 17
w 13 17
w 14 17
w 15 17
w 16 17
w 17 17
w 18 17
w 19 17
w 20 17
w 21 17
w 22 17
w 23 17
w 24 17
w 31 17
w 32 17
w 33 17
w 1 18
w 2 18
w 3 18
w 5 18
w 6 18
w 7 18
w 8 18
w 9 18
w 10 18
w 11 18
w 12 18
w 13 18
w 14 18
w 15 18
w 16 18
w 17 18
w 18 18
w 19 18
w 20 18
w 21 18
w 22 18
w 23 18
w 24 18
w 25 18
w 26 18
w 27 18
w 28 18
w 29 18
w 31 18
w 32 18
w 33 18
w 5 19
w 6 19
w 7 19
w 8 19
w 9 19
w 10 19
w 11 19
w 12 19
w 13 19
w 14 19
w 15 19
w 16 19
w 17 19
w 18 19
w 19 19
w 20 19
w 21 19
w 22 19
w 23 19
w 24 19
w 25 19
w 26 19
w 27 19
w 28 19
w 29 19
p 0 0
p 1 0
p 5 0
p 11 0
p 13 0
p 15 0
p 16 0
p 20 0
p 21 0
p 22 0
p 23 0
p 32 0
p 33 0
p 34 0
p 5 1
p 20 1
p 3 2
p 5 2
p 14 2
p 15 2
p 16 2
p 19 2
p 29 2
p 0 3
p 3 3
p 6 3
p 8 3
p 9 3
p 14 3
p 16 3
p 20 3
p 23 3
p 26 3
p 31 3
p 34 3
p 2 4
p 3 4
p 21 4
p 23 4
p 28 4
p 30 4
p 32 4
p 0 5
p 2 5
p 10 5
p 11 5
p 24 5
p 28 5
p 32 5
p 34 5
p 2 6
p 3 6
p 5 6
p 6 6
p 7 6
p 25 6
p 27 6
p 29 6
p 33 6
p 2 7
p 4 7
p 7 7
p 9 7
p 25 7
p 30 7
p 1 8
p 6 8
p 7 8
p 8 8
p 25 8
p 26 8
p 29 8
p 5 9
p 29 9
p 34 9
p 9 10
p 11 10
p 12 10
p 24 10
p 29 10
p 31 10
p 5 11
p 7 11
p 12 11
p 22 11
p 25 11
p 26 11
p 27 11
p 29 11
p 30 11
p 31 11
p 0 12
p 1 12
p 3 12
p 9 12
p 25 12
p 28 12
p 31 12
p 32 12
p 2 13
p 6 13
p 13 13
p 14 13
p 15 13
p 16 13
p 17 13
p 19 13
p 22 13
p 25 13
p 34 13
p 0 14
p 10 14
p 22 14
p 24 14
p 25 14
p 28 14
p 34 14
p 9 15
p 12 15
p 14 15
p 15 15
p 16 15
p 18 15
p 20 15
p 21 15
p 22 15
p 32 15
p 0 16
p 2 16
p 4 16
p 6 16
p 30 16
p 33 16
p 0 17
p 7 17
p 26 17
p 27 17
p 30 18
p 1 19
p 2 19
p 3 19
p 30 19
p 31 19
t 1400 0
m 1 19
1 34 1
2 33 0
3 33 0
t 1399 0
m 0 19
1 34 2
2 32 0
3 34 0
t 1398 0
m 1 19
1 34 3
2 31 0
3 33 0
t 1397 0
m 2 19
1 34 4
2 31 1
3 34 0
t 1396 1
m 3 19
1 33 4
2 31 2
3 33 0
t 1395 2
m 2 19
1 34 4
2 31 1
3 34 0
t 1394 2
m 3 19
1 34 5
2 31 2
3 34 1
t 1393 2
m 3 19
1 34 4
2 31 3
3 34 0
t 1392 2
m 4 19
1 34 5
2 31 2
3 33 0
t 1391 2
m 3 19
1 34 4
2 31 3
3 32 0
t 1390 2
m 3 19
1 34 5
2 31 2
3 33 0
t 1389 2
m 3 19
1 34 6
2 31 1
3 34 0
t 1388 2
m 2 19
1 34 7
2 31 2
3 33 0
t 1387 2
m 1 19
1 34 8
2 31 3
3 34 0
t 1386 2
m 0 19
1 34 9
2 31 4
3 33 0
t 1385 2
m 0 18
1 34 8
2 30 4
3 34 0
t 1384 2
m 0 19
1 34 9
2 29 4
3 33 0
t 1383 2
m 0 18
1 34 8
2 30 4
3 32 0
t 1382 2
m 0 18
1 34 9
2 31 4
3 33 0
t 1381 2
m 0 19
1 34 8
2 30 4
3 32 0
t 1380 2
m 1 19
1 34 7
2 29 4
3 33 0
t 1379 2
m 1 19
1 34 8
2 28 4
3 32 0
t 1378 2
m 1 19
1 34 9
2 28 5
3 33 0
t 1377 2
m 1 19
1 34 10
2 28 4
3 32 0
t 1376 2
m 1 19
1 34 11
2 29 4
3 33 0
t 1375 2
m 2 19
1 34 10
2 30 4
3 34 0
t 1374 2
m 2 19
1 34 9
2 31 4
3 34 1
t 1373 2
m 2 19
1 34 10
2 31 3
3 34 2
t 1372 2
m 1 19
1 34 11
2 31 4
3 34 3
t 1371 2
m 0 19
1 34 12
2 30 4
3 34 2
t 1370 2
m 0 19
1 34 11
2 29 4
3 34 1
t 1369 2
m 0 18
1 34 12
2 28 4
3 34 2
t 1368 2
m 0 18
1 34 13
2 28 5
3 34 3
t 1367 2
m 0 18
1 34 14
2 28 6
3 34 2
t 1366 2
m 0 18
1 34 15
2 28 5
3 34 1
t 1365 2
m 0 17
1 34 14
2 28 6
3 34 0
t 1364 2
m 0 16
1 34 13
2 29 6
3 34 1
t 1363 3
m 0 16
1 34 14
2 28 6
3 34 2
t 1362 3
m 0 17
1 34 15
2 27 6
3 34 1
t 1361 3
m 0 16
1 34 16
2 27 7
3 34 0
t 1360 3
m 0 15
1 33 16
2 27 6
3 33 0
t 1359 3
m 0 14
1 34 16
2 28 6
3 34 0
t 1358 4
m 0 15
1 34 15
2 27 6
3 34 1
t 1357 4
m 0 15
1 34 16
2 27 7
3 34 2
t 1356 4
m 0 14
1 34 17
2 27 8
3 34 1
t 1355 4
m 0 13
1 34 16
2 28 8
3 34 0
t 1354 4
m 0 14
1 34 17
2 27 8
3 33 0
t 1353 4
m 0 14
1 34 18
2 26 8
3 32 0
t 1352 4
m 0 15
1 34 17
2 27 8
3 31 0
t 1351 4
m 0 15
1 34 16
2 28 8
3 32 0
t 1350 4
m 0 14
1 33 16
2 27 8
3 33 0
t 1349 4
m 0 13
1 34 16
2 28 8
3 32 0
t 1348 4
m 0 12
1 34 15
2 27 8
3 31 0
t 1347 4
m 0 12
1 34 16
2 26 8
3 32 0
t 1346 4
m 0 11
1 34 17
2 27 8
3 31 0
t 1345 4
m 0 12
1 34 18
2 27 7
3 31 1
t 1344 4
m 0 12
1 34 19
2 27 6
3 31 2
t 1343 4
m 1 12
1 33 19
2 27 7
3 31 3
t 1342 5
m 0 12
1 32 19
2 27 6
3 31 2
t 1341 5
m 1 12
1 31 19
2 27 7
3 31 3
t 1340 5
m 0 12
1 30 19
2 27 8
3 31 2
t 1339 5
m 0 12
1 31 19
2 26 8
3 31 1
t 1338 5
m 1 12
1 30 19
2 27 8
3 31 2
t 1337 5
m 1 12
1 31 19
2 27 7
3 31 1
t 1336 5
m 1 12
1 30 19
2 27 6
3 31 0
t 1335 5
m 1 12
1 30 18
2 28 6
3 30 0
t 1334 5
m 2 12
1 30 19
2 27 6
3 29 0
t 1333 5
m 2 12
1 31 19
2 27 7
3 30 0
t 1332 5
m 2 12
1 30 19
2 27 8
3 29 0
t 1331 5
m 2 12
1 30 18
2 26 8
3 30 0
t 1330 5
m 1 12
1 30 19
2 25 8
3 29 0
t 1329 5
m 2 12
1 30 18
2 25 9
3 30 0
t 1328 5
m 2 13
1 30 19
2 25 10
3 29 0
t 1327 6
m 2 14
1 31 19
2 24 10
3 30 0
t 1326 6
m 2 14
1 32 19
2 23 10
3 31 0
t 1325 6
m 2 15
1 33 19
2 22 10
3 32 0
t 1324 6
m 2 15
1 32 19
2 23 10
3 31 0
t 1323 6
m 2 14
1 31 19
2 24 10
3 31 1
t 1322 6
m 2 13
1 30 19
2 23 10
3 31 2
t 1321 6
m 2 12
1 31 19
2 22 10
3 31 1
t 1320 6
m 1 12
1 30 19
2 22 11
3 31 2
t 1319 6
m 2 12
1 31 19
2 22 10
3 31 1
t 1318 6
m 2 13
1 30 19
2 23 10
3 31 2
t 1317 6
m 2 13
1 31 19
2 22 10
3 31 3
t 1316 6
m 2 13
1 30 19
2 22 11
3 31 2
t 1315 6
m 2 14
1 30 18
2 22 12
3 31 3
t 1314 6
m 2 13
1 30 19
2 22 11
3 31 2
t 1313 6
m 2 12
1 31 19
2 22 10
3 31 3
t 1312 6
m 1 12
1 30 19
2 22 11
3 31 2
t 1311 6
m 1 12
1 30 18
2 22 10
3 31 3
t 1310 6
m 0 12
1 30 17
2 22 11
3 31 4
t 1309 6
m 0 13
1 29 17
2 22 12
3 31 3
t 1308 6
m 0 13
1 28 17
2 22 13
3 31 4
t 1307 6
m 0 14
1 28 16
2 22 12
3 32 4
t 1306 6
m 0 15
1 28 17
2 22 11
3 33 4
t 1305 6
m 0 14
1 28 16
2 22 12
3 34 4
t 1304 6
m 0 14
1 28 17
2 22 11
3 34 3
t 1303 6
m 0 13
1 29 17
2 22 12
3 34 2
t 1302 6
m 0 14
1 30 17
2 22 11
3 34 1
t 1301 6
m 0 14
1 30 18
2 22 10
3 34 2
t 1300 6
m 0 15
1 30 19
2 22 11
3 34 1
t 1299 6
m 0 16
1 31 19
2 22 10
3 34 0
t 1298 6
m 1 16
1 32 19
2 22 11
3 34 1
t 1297 6
m 1 16
1 33 19
2 22 10
3 34 2
t 1296 6
m 0 16
1 34 19
2 22 11
3 34 3
t 1295 6
m 0 15
1 34 18
2 22 12
3 34 4
t 1294 6
m 0 16
1 34 19
2 22 11
3 34 5
t 1293 6
m 0 16
1 33 19
2 22 10
3 34 4
t 1292 6
m 0 17
1 34 19
2 23 10
3 34 5
t 1291 6
m 0 17
1 34 18
2 22 10
3 34 6
t 1290 6
m 0 16
1 34 19
2 22 11
3 34 5
t 1289 6
m 1 16
1 33 19
2 22 10
3 34 4
t 1288 6
m 0 16
1 34 19
2 23 10
3 34 3
t 1287 6
m 1 16
1 34 18
2 22 10
3 34 2
t 1286 6
m 1 16
1 34 17
2 22 11
3 34 3
t 1285 6
m 0 16
1 34 18
2 22 12
3 34 2
t 1284 6
m 0 15
1 34 19
2 22 13
3 34 3
t 1283 6
m 0 15
1 33 19
2 21 13
3 34 4
t 1282 6
m 0 15
1 32 19
2 20 13
3 34 3
t 1281 6
m 0 14
1 33 19
2 19 13
3 34 4
t 1280 6
m 0 14
1 32 19
2 20 13
3 34 5
t 1279 6
m 0 15
1 31 19
2 19 13
3 34 6
t 1278 6
m 0 16
1 32 19
2 20 13
3 34 5
t 1277 6
m 1 16
1 31 19
2 21 13
3 34 6
t 1276 6
m 0 16
1 32 19
2 20 13
3 34 5
t 1275 6
m 1 16
1 31 19
2 21 13
3 34 4
t 1274 6
m 1 16
1 32 19
2 20 13
3 33 4
t 1273 6
m 0 16
1 31 19
2 19 13
3 32 4
t 1272 6
m 1 16
1 32 19
2 20 13
3 33 4
t 1271 6
m 1 16
1 31 19
2 21 13
3 34 4
t 1270 6
m 2 16
1 30 19
2 20 13
3 34 3
t 1269 6
m 2 16
1 31 19
2 19 13
3 34 2
t 1268 6
m 3 16
1 32 19
2 20 13
3 34 3
t 1267 6
m 4 16
1 31 19
2 19 13
3 34 2
t 1266 7
m 3 16
1 30 19
2 18 13
3 34 3
t 1265 7
m 2 16
1 30 18
2 17 13
3 34 4
t 1264 7
m 3 16
1 30 17
2 16 13
3 33 4
t 1263 7
m 3 16
1 29 17
2 15 13
3 34 4
t 1262 7
m 2 16
1 28 17
2 14 13
3 33 4
t 1261 7
m 1 16
1 29 17
2 13 13
3 32 4
t 1260 7
m 1 16
1 30 17
2 12 13
3 33 4
t 1259 7
m 2 16
1 29 17
2 13 13
3 32 4
t 1258 7
m 1 16
1 28 17
2 14 13
3 33 4
t 1257 7
m 2 16
1 29 17
2 15 13
3 32 4
t 1256 7
m 3 16
1 28 17
2 14 13
3 31 4
t 1255 7
m 2 16
1 29 17
2 15 13
3 31 3
t 1254 7
m 2 15
1 28 17
2 14 13
3 31 2
t 1253 7
m 2 16
1 29 17
2 13 13
3 31 1
t 1252 7
m 3 16
1 30 17
2 14 13
3 31 0
t 1251 7
m 3 16
1 29 17
2 13 13
3 30 0
t 1250 7
m 2 16
1 28 17
2 12 13
3 29 0
t 1249 7
m 1 16
1 27 17
2 12 14
3 30 0
t 1248 7
m 2 16
1 28 17
2 12 15
3 29 0
t 1247 7
m 3 16
1 28 16
2 13 15
3 29 1
t 1246 7
m 4 16
1 28 15
2 12 15
3 29 2
t 1245 7
m 3 16
1 28 16
2 12 14
3 29 3
t 1244 7
m 4 16
1 28 17
2 12 15
3 28 3
t 1243 7
m 4 16
1 28 16
2 12 14
3 27 3
t 1242 7
m 4 16
1 28 17
2 11 14
3 26 3
t 1241 7
m 4 16
1 27 17
2 10 14
3 25 3
t 1240 7
m 4 16
1 26 17
2 11 14
3 24 3
t 1239 7
m 4 17
1 25 17
2 10 14
3 25 3
t 1238 7
m 4 18
1 26 17
2 11 14
3 26 3
t 1237 7
m 4 19
1 27 17
2 10 14
3 25 3
t 1236 7
m 3 19
1 26 17
2 9 14
3 26 3
t 1235 7
m 2 19
1 25 17
2 9 15
3 25 3
t 1234 7
m 2 19
1 26 17
2 9 16
3 24 3
t 1233 7
m 3 19
1 27 17
2 9 15
3 23 3
t 1232 7
m 3 19
1 28 17
2 9 14
3 23 4
t 1231 7
m 4 19
1 29 17
2 9 15
3 23 3
t 1230 7
m 4 19
1 28 17
2 9 14
3 23 4
t 1229 7
m 3 19
1 29 17
2 9 13
3 23 5
t 1228 7
m 2 19
1 30 17
2 9 12
3 23 4
t 1227 7
m 3 19
1 30 18
2 9 11
3 22 4
t 1226 7
m 3 19
1 30 17
2 8 11
3 21 4
t 1225 7
m 3 19
1 30 18
2 7 11
3 20 4
t 1224 7
m 2 19
1 30 19
2 8 11
3 21 4
t 1223 7
m 3 19
1 31 19
2 7 11
3 20 4
t 1222 7
m 3 19
1 32 19
2 6 11
3 21 4
t 1221 7
m 2 19
1 31 19
2 6 12
3 20 4
t 1220 7
m 2 19
1 32 19
2 6 13
3 19 4
t 1219 7
m 3 19
1 31 19
2 6 14
3 20 4
t 1218 7
m 2 19
1 32 19
2 6 13
3 21 4
t 1217 7
m 1 19
1 33 19
2 6 12
3 22 4
t 1216 7
m 1 19
1 34 19
2 6 13
3 23 4
t 1215 7
m 1 19
1 34 18
2 6 12
3 22 4
t 1214 7
m 0 19
1 34 19
2 6 13
3 21 4
t 1213 7
m 0 19
1 33 19
2 6 14
3 20 4
t 1212 7
m 0 18
1 32 19
2 6 15
3 19 4
t 1211 7
m 0 19
1 31 19
2 6 16
3 20 4
t 1210 7
m 0 18
1 32 19
2 6 17
3 19 4
t 1209 7
m 0 18
1 31 19
2 5 17
3 18 4
t 1208 7
m 0 17
1 32 19
2 6 17
3 18 3
t 1207 7
m 0 16
1 33 19
2 5 17
3 18 4
t 1206 7
m 0 16
1 32 19
2 6 17
3 18 3
t 1205 7
m 0 17
1 31 19
2 6 16
3 18 4
t 1204 7
m 0 18
1 32 19
2 6 17
3 18 3
t 1203 7
m 0 19
1 33 19
2 5 17
3 18 2
t 1202 7
m 0 19
1 32 19
2 4 17
3 17 2
t 1201 7
m 0 18
1 33 19
2 4 18
3 18 2
t 1200 7
m 0 17
1 34 19
2 4 17
3 18 3
t 1199 7
m 0 18
1 34 18
2 4 18
3 18 2
t 1198 7
m 0 17
1 34 19
2 4 17
3 18 3
t 1197 7
m 0 18
1 34 18
2 4 16
3 18 4
t 1196 7
m 0 19
1 34 19
2 3 16
3 19 4
t 1195 7
m 0 18
1 33 19
2 2 16
3 18 4
t 1194 7
m 0 19
1 32 19
2 3 16
3 19 4
t 1193 7
m 0 19
1 31 19
2 4 16
3 20 4
t 1192 7
m 1 19
1 30 19
2 3 16
3 19 4
t 1191 7
m 2 19
1 31 19
2 2 16
3 20 4
t 1190 7
m 2 19
1 30 19
2 1 16
3 19 4
t 1189 7
m 1 19
1 31 19
2 2 16
3 20 4
t 1188 7
m 1 19
1 32 19
2 3 16
3 21 4
t 1187 7
m 1 19
1 33 19
2 2 16
3 22 4
t 1186 7
m 0 19
1 34 19
2 3 16
3 21 4
t 1185 7
m 0 18
1 33 19
2 2 16
3 22 4
t 1184 7
m 0 17
1 32 19
2 1 16
3 21 4
t 1183 7
m 0 17
1 33 19
2 0 16
3 22 4
t 1182 7
m 0 16
1 32 19
2 1 16
3 21 4
t 1181 7
m 0 15
1 33 19
2 2 16
3 20 4
t 1180 7
m 0 14
1 32 19
2 1 16
3 21 4
t 1179 7
m 0 14
1 31 19
2 0 16
3 22 4
t 1178 7
m 0 15
1 32 19
2 0 15
3 23 4
t 1177 7
