35
20
m 0 19
1 34 0
2 34 0
3 34 0
w 5 0
w 6 0
w 7 0
w 8 0
w 9 0
w 10 0
w 11 0
w 12 0
w 13 0
w 14 0
w 15 0
w 16 0
w 17 0
w 18 0
w 19 0
w 20 0
w 21 0
w 22 0
w 23 0
w 24 0
w 25 0
w 26 0
w 27 0
w 28 0
w 29 0
w 1 1
w 2 1
w 3 1
w 5 1
w 6 1
w 7 1
w 8 1
w 9 1
w 10 1
w 11 1
w 12 1
w 13 1
w 14 1
w 15 1
w 16 1
w 17 1
w 18 1
w 19 1
w 20 1
w 21 1
w 22 1
w 23 1
w 24 1
w 25 1
w 26 1
w 27 1
w 28 1
w 29 1
w 31 1
w 32 1
w 33 1
w 5 2
w 6 2
w 7 2
w 8 2
w 9 2
w 10 2
w 11 2
w 12 2
w 13 2
w 14 2
w 15 2
w 16 2
w 17 2
w 18 2
w 19 2
w 20 2
w 21 2
w 22 2
w 23 2
w 24 2
w 25 2
w 26 2
w 27 2
w 28 2
w 29 2
w 1 3
w 2 3
w 3 3
w 5 3
w 6 3
w 7 3
w 8 3
w 9 3
w 10 3
w 11 3
w 12 3
w 13 3
w 14 3
w 15 3
w 16 3
w 17 3
w 18 3
w 19 3
w 20 3
w 21 3
w 22 3
w 23 3
w 24 3
w 25 3
w 26 3
w 27 3
w 28 3
w 29 3
w 31 3
w 32 3
w 33 3
w 5 4
w 6 4
w 7 4
w 8 4
w 9 4
w 10 4
w 11 4
w 12 4
w 13 4
w 14 4
w 15 4
w 16 4
w 17 4
w 18 4
w 19 4
w 20 4
w 21 4
w 22 4
w 23 4
w 24 4
w 25 4
w 26 4
w 27 4
w 28 4
w 29 4
w 1 5
w 2 5
w 3 5
w 7 5
w 8 5
w 9 5
w 10 5
w 11 5
w 12 5
w 13 5
w 14 5
w 15 5
w 16 5
w 17 5
w 18 5
w 19 5
w 20 5
w 21 5
w 22 5
w 23 5
w 24 5
w 25 5
w 26 5
w 27 5
w 31 5
w 32 5
w 33 5
w 5 6
w 7 6
w 8 6
w 9 6
w 10 6
w 11 6
w 12 6
w 13 6
w 14 6
w 15 6
w 16 6
w 17 6
w 18 6
w 19 6
w 20 6
w 21 6
w 22 6
w 23 6
w 24 6
w 25 6
w 26 6
w 27 6
w 29 6
w 1 7
w 3 7
w 7 7
w 8 7
w 9 7
w 10 7
w 11 7
w 12 7
w 13 7
w 14 7
w 15 7
w 16 7
w 17 7
w 18 7
w 19 7
w 20 7
w 21 7
w 22 7
w 23 7
w 24 7
w 25 7
w 26 7
w 27 7
w 31 7
w 33 7
w 5 8
w 7 8
w 8 8
w 9 8
w 10 8
w 11 8
w 12 8
w 22 8
w 23 8
w 24 8
w 25 8
w 26 8
w 27 8
w 29 8
w 1 9
w 2 9
w 3 9
w 5 9
w 7 9
w 8 9
w 9 9
w 10 9
w 11 9
w 12 9
w 14 9
w 15 9
w 16 9
w 17 9
w 18 9
w 19 9
w 20 9
w 22 9
w 23 9
w 24 9
w 25 9
w 26 9
w 27 9
w 29 9
w 31 9
w 32 9
w 33 9
w 5 10
w 7 10
w 8 10
w 9 10
w 10 10
w 11 10
w 12 10
w 14 10
w 15 10
w 16 10
w 17 10
w 18 10
w 19 10
w 20 10
w 22 10
w 23 10
w 24 10
w 25 10
w 26 10
w 27 10
w 29 10
w 0 11
w 1 11
w 2 11
w 4 11
w 5 11
w 7 11
w 8 11
w 9 11
w 14 11
w 15 11
w 16 11
w 17 11
w 18 11
w 19 11
w 20 11
w 25 11
w 26 11
w 27 11
w 29 11
w 30 11
w 32 11
w 33 11
w 34 11
w 0 12
w 7 12
w 8 12
w 9 12
w 11 12
w 12 12
w 14 12
w 15 12
w 16 12
w 17 12
w 18 12
w 19 12
w 20 12
w 22 12
w 23 12
w 25 12
w 26 12
w 27 12
w 34 12
w 0 13
w 2 13
w 4 13
w 5 13
w 29 13
w 30 13
w 32 13
w 34 13
w 0 14
w 2 14
w 7 14
w 8 14
w 9 14
w 10 14
w 11 14
w 12 14
w 13 14
w 14 14
w 16 14
w 17 14
w 18 14
w 20 14
w 21 14
w 22 14
w 23 14
w 24 14
w 25 14
w 26 14
w 27 14
w 32 14
w 34 14
w 0 15
w 2 15
w 3 15
w 5 15
w 29 15
w 31 15
w 32 15
w 34 15
w 7 16
w 8 16
w 9 16
w 11 16
w 12 16
w 13 16
w 14 16
w 15 16
w 16 16
w 17 16
w 18 16
w 19 16
w 20 16
w 21 16
w 22 16
w 23 16
w 25 16
w 26 16
w 27 16
w 1 17
w 2 17
w 3 17
w 4 17
w 6 17
w 16 17
w 17 17
w 18 17
w 28 17
w 30 17
w 31 17
w 32 17
w 33 17
w 1 18
w 2 18
w 3 18
w 4 18
w 6 18
w 8 18
w 9 18
w 11 18
w 12 18
w 13 18
w 14 18
w 16 18
w 17 18
w 18 18
w 20 18
w 21 18
w 22 18
w 23 18
w 25 18
w 26 18
w 28 18
w 30 18
w 31 18
w 32 18
w 33 18
p 4 0
p 30 0
p 31 0
p 32 0
p 4 1
p 30 1
p 34 1
p 1 2
p 3 2
p 4 2
p 30 2
p 33 2
p 4 3
p 30 3
p 2 4
p 3 4
p 32 4
p 33 4
p 0 5
p 6 5
p 28 5
p 30 5
p 0 6
p 4 6
p 28 6
p 30 6
p 32 6
p 33 6
p 0 7
p 5 7
p 30 7
p 0 8
p 2 8
p 3 8
p 6 8
p 13 8
p 14 8
p 16 8
p 19 8
p 21 8
p 28 8
p 30 8
p 33 8
p 34 8
p 0 9
p 13 9
p 21 9
p 30 9
p 34 9
p 1 10
p 2 10
p 3 10
p 6 10
p 21 10
p 32 10
p 6 11
p 10 11
p 13 11
p 21 11
p 22 11
p 28 11
p 31 11
p 1 12
p 2 12
p 5 12
p 6 12
p 13 12
p 21 12
p 24 12
p 28 12
p 31 12
p 32 12
p 33 12
p 3 13
p 6 13
p 7 13
p 9 13
p 12 13
p 16 13
p 18 13
p 19 13
p 20 13
p 21 13
p 23 13
p 24 13
p 25 13
p 26 13
p 27 13
p 33 13
p 3 14
p 4 14
p 6 14
p 28 14
p 4 15
p 7 15
p 9 15
p 10 15
p 11 15
p 12 15
p 15 15
p 16 15
p 17 15
p 20 15
p 22 15
p 24 15
p 28 15
p 1 16
p 2 16
p 5 16
p 10 16
p 24 16
p 30 16
p 33 16
p 34 16
p 7 17
p 8 17
p 10 17
p 12 17
p 23 17
p 24 17
p 25 17
p 29 17
p 7 18
p 10 18
p 15 18
p 19 18
p 24 18
p 27 18
p 29 18
p 34 18
p 3 19
p 4 19
p 6 19
p 9 19
p 10 19
p 11 19
p 16 19
p 18 19
p 22 19
p 24 19
p 25 19
p 31 19
p 33 19
p 34 19
t 1400 0
m 0 19
1 34 1
2 34 1
3 34 1
t 1399 0
m 0 19
1 34 2
2 34 2
3 34 2
t 1398 0
m 0 19
1 34 3
2 34 3
3 34 3
t 1397 0
m 0 19
1 34 4
2 34 4
3 34 4
t 1396 0
m 1 19
1 34 5
2 34 5
3 34 5
t 1395 0
m 0 19
1 34 6
2 34 6
3 34 6
t 1394 0
m 1 19
1 34 7
2 34 7
3 34 7
t 1393 0
m 1 19
1 34 8
2 34 8
3 34 8
t 1392 0
m 1 19
1 34 9
2 34 9
3 34 9
t 1391 0
m 0 19
1 34 10
2 34 10
3 34 10
t 1390 0
m 1 19
1 33 10
2 33 10
3 33 10
t 1389 0
m 0 19
1 32 10
2 32 10
3 32 10
t 1388 0
m 1 19
1 31 10
2 31 10
3 31 10
t 1387 0
m 2 19
1 31 11
2 31 11
3 31 11
t 1386 0
m 1 19
1 31 12
2 31 12
3 31 12
t 1385 0
m 1 19
1 31 13
2 31 13
3 31 13
t 1384 0
m 0 19
1 31 14
2 31 14
3 31 14
t 1383 0
m 0 18
1 30 14
2 30 14
3 30 14
t 1382 0
m 0 19
1 30 15
2 30 15
3 30 15
t 1381 0
m 0 19
1 30 16
2 30 16
3 30 16
t 1380 0
m 0 19
1 29 16
2 29 16
3 29 16
t 1379 0
m 1 19
1 29 17
2 29 17
3 29 17
t 1378 0
m 2 19
1 29 18
2 29 18
3 29 18
t 1377 0
m 3 19
1 29 19
2 29 19
3 29 19
t 1376 0
m 2 19
1 28 19
2 28 19
3 28 19
t 1375 0
m 1 19
1 27 19
2 27 19
3 27 19
t 1374 0
m 0 19
1 26 19
2 26 19
3 26 19
t 1373 0
m 0 18
1 25 19
2 25 19
3 25 19
t 1372 0
m 0 17
1 24 19
2 24 19
3 24 19
t 1371 0
m 0 18
1 24 18
2 24 18
3 24 18
t 1370 0
m 0 17
1 24 19
2 24 19
3 24 19
t 1369 0
m 0 17
1 24 18
2 24 18
3 24 18
t 1368 0
m 0 16
1 24 17
2 24 17
3 24 17
t 1367 0
m 0 17
1 24 16
2 24 16
3 24 16
t 1366 0
m 0 17
1 24 17
2 24 17
3 24 17
t 1365 0
m 0 16
1 23 17
2 23 17
3 23 17
t 1364 0
m 0 16
1 22 17
2 22 17
3 22 17
t 1363 0
m 0 17
1 21 17
2 21 17
3 21 17
t 1362 0
m 0 18
1 20 17
2 20 17
3 20 17
t 1361 0
m 0 19
1 19 17
2 19 17
3 19 17
t 1360 0
m 0 19
1 19 18
2 19 18
3 19 18
t 1359 0
m 0 19
1 19 19
2 19 19
3 19 19
t 1358 0
m 0 19
1 18 19
2 18 19
3 18 19
t 1357 0
m 0 18
1 17 19
2 17 19
3 17 19
t 1356 0
m 0 18
1 16 19
2 16 19
3 16 19
t 1355 0
m 0 17
1 15 19
2 15 19
3 15 19
t 1354 0
m 0 17
1 15 18
2 15 18
3 15 18
t 1353 0
m 0 18
1 15 17
2 15 17
3 15 17
t 1352 0
m 0 17
1 15 18
2 15 18
3 15 18
t 1351 0
m 0 18
1 15 17
2 15 17
3 15 17
t 1350 0
m 0 17
1 15 18
2 15 18
3 15 18
t 1349 0
m 0 18
1 15 17
2 15 17
3 15 17
t 1348 0
m 0 18
1 15 18
2 15 18
3 15 18
t 1347 0
m 0 19
1 15 19
2 15 19
3 15 19
t 1346 0
m 0 18
1 14 19
2 14 19
3 14 19
t 1345 0
m 0 18
1 13 19
2 13 19
3 13 19
t 1344 0
m 0 18
1 12 19
2 12 19
3 12 19
t 1343 0
m 0 17
1 11 19
2 11 19
3 11 19
t 1342 0
m 0 18
1 10 19
2 10 19
3 10 19
t 1341 0
m 0 18
1 10 18
2 10 18
3 10 18
t 1340 0
m 0 17
1 10 19
2 10 19
3 10 19
t 1339 0
m 0 16
1 10 18
2 10 18
3 10 18
t 1338 0
m 0 17
1 10 17
2 10 17
3 10 17
t 1337 0
m 0 18
1 9 17
2 9 17
3 9 17
t 1336 0
m 0 18
1 8 17
2 8 17
3 8 17
t 1335 0
m 0 17
1 7 17
2 7 17
3 7 17
t 1334 0
m 0 16
1 7 18
2 7 18
3 7 18
t 1333 0
m 1 16
1 7 17
2 7 17
3 7 17
t 1332 1
m 1 16
1 7 18
2 7 18
3 7 18
t 1331 1
m 1 15
1 7 17
2 7 17
3 7 17
t 1330 1
m 1 14
1 7 18
2 7 18
3 7 18
t 1329 1
m 1 13
1 7 17
2 7 17
3 7 17
t 1328 1
m 1 14
1 7 18
2 7 18
3 7 18
t 1327 1
m 1 14
1 7 17
2 7 17
3 7 17
t 1326 1
m 1 14
1 7 18
2 7 18
3 7 18
t 1325 1
m 1 14
1 7 17
2 7 17
3 7 17
t 1324 1
m 1 13
1 7 18
2 7 18
3 7 18
t 1323 1
m 1 12
1 7 17
2 7 17
3 7 17
t 1322 2
m 1 12
1 7 18
2 7 18
3 7 18
t 1321 2
m 1 12
1 7 17
2 7 17
3 7 17
t 1320 2
m 1 12
1 7 18
2 7 18
3 7 18
f 10 13
t 1319 2
m 2 12
1 7 17
2 7 17
3 7 17
t 1318 2
m 1 12
1 7 18
2 7 18
3 7 18
t 1317 2
m 2 12
1 7 17
2 7 17
3 7 17
t 1316 2
m 3 12
1 7 18
2 7 18
3 7 18
t 1315 2
m 4 12
1 7 17
2 7 17
3 7 17
t 1314 2
m 5 12
1 7 18
2 7 18
3 7 18
t 1313 3
m 6 12
1 7 17
2 7 17
3 7 17
t 1312 4
m 6 13
1 7 18
2 7 18
3 7 18
t 1311 4
m 6 13
1 7 17
2 7 17
3 7 17
t 1310 4
m 6 14
1 7 18
2 7 18
3 7 18
t 1309 5
m 6 13
1 7 17
2 7 17
3 7 17
t 1308 5
m 7 13
1 7 18
2 7 18
3 7 18
t 1307 6
m 8 13
1 7 17
2 7 17
3 7 17
t 1306 6
m 9 13
1 8 17
2 8 17
3 8 17
t 1305 6
m 10 13
1 9 17
2 9 17
3 9 17
t 1304 16
m 11 13
1 10 17
2 10 17
3 10 17
t 1303 16
m 12 13
1 10 16
2 10 16
3 10 16
t 1302 17
m 13 13
1 10 15
2 10 15
3 10 15
t 1301 17
m 14 13
1 11 15
2 11 15
3 11 15
t 1300 17
m 15 13
1 12 15
2 12 15
3 12 15
t 1299 17
m 15 14
1 13 15
2 13 15
3 13 15
t 1298 17
m 15 14
1 14 15
2 14 15
3 14 15
t 1297 17
m 15 13
1 15 15
2 15 15
3 15 15
t 1296 17
m 15 14
1 15 14
2 15 14
3 15 14
t 1295 17
