35
20
m 0 19
1 34 0
2 34 0
3 34 0
w 6 0
w 7 0
w 8 0
w 9 0
w 10 0
w 11 0
w 12 0
w 13 0
w 14 0
w 15 0
w 16 0
w 17 0
w 18 0
w 19 0
w 20 0
w 21 0
w 22 0
w 23 0
w 24 0
w 25 0
w 26 0
w 27 0
w 28 0
w 1 1
w 2 1
w 3 1
w 4 1
w 6 1
w 7 1
w 8 1
w 9 1
w 10 1
w 11 1
w 12 1
w 13 1
w 21 1
w 22 1
w 23 1
w 24 1
w 25 1
w 26 1
w 27 1
w 28 1
w 30 1
w 31 1
w 32 1
w 33 1
w 1 2
w 2 2
w 6 2
w 7 2
w 8 2
w 9 2
w 10 2
w 11 2
w 12 2
w 13 2
w 15 2
w 16 2
w 18 2
w 19 2
w 21 2
w 22 2
w 23 2
w 24 2
w 25 2
w 26 2
w 27 2
w 28 2
w 32 2
w 33 2
w 4 3
w 30 3
w 1 4
w 2 4
w 6 4
w 7 4
w 9 4
w 11 4
w 12 4
w 13 4
w 15 4
w 16 4
w 18 4
w 19 4
w 21 4
w 22 4
w 23 4
w 25 4
w 27 4
w 28 4
w 32 4
w 33 4
w 4 5
w 6 5
w 7 5
w 11 5
w 12 5
w 13 5
w 15 5
w 16 5
w 18 5
w 19 5
w 21 5
w 22 5
w 23 5
w 27 5
w 28 5
w 30 5
w 1 6
w 2 6
w 3 6
w 4 6
w 6 6
w 7 6
w 9 6
w 11 6
w 12 6
w 13 6
w 21 6
w 22 6
w 23 6
w 25 6
w 27 6
w 28 6
w 30 6
w 31 6
w 32 6
w 33 6
w 1 7
w 2 7
w 3 7
w 4 7
w 6 7
w 7 7
w 9 7
w 15 7
w 16 7
w 17 7
w 18 7
w 19 7
w 25 7
w 27 7
w 28 7
w 30 7
w 31 7
w 32 7
w 33 7
w 6 8
w 7 8
w 11 8
w 13 8
w 15 8
w 16 8
w 17 8
w 18 8
w 19 8
w 21 8
w 23 8
w 27 8
w 28 8
w 1 9
w 2 9
w 3 9
w 4 9
w 5 9
w 6 9
w 7 9
w 8 9
w 9 9
w 11 9
w 13 9
w 15 9
w 16 9
w 17 9
w 18 9
w 19 9
w 21 9
w 23 9
w 25 9
w 26 9
w 27 9
w 28 9
w 29 9
w 30 9
w 31 9
w 32 9
w 33 9
w 9 10
w 11 10
w 13 10
w 15 10
w 16 10
w 17 10
w 18 10
w 19 10
w 21 10
w 23 10
w 25 10
w 1 11
w 2 11
w 3 11
w 4 11
w 5 11
w 6 11
w 7 11
w 9 11
w 11 11
w 13 11
w 15 11
w 16 11
w 17 11
w 18 11
w 19 11
w 21 11
w 23 11
w 25 11
w 27 11
w 28 11
w 29 11
w 30 11
w 31 11
w 32 11
w 33 11
w 1 12
w 2 12
w 3 12
w 4 12
w 5 12
w 6 12
w 7 12
w 15 12
w 16 12
w 17 12
w 18 12
w 19 12
w 27 12
w 28 12
w 29 12
w 30 12
w 31 12
w 32 12
w 33 12
w 1 13
w 2 13
w 3 13
w 4 13
w 5 13
w 6 13
w 7 13
w 9 13
w 10 13
w 11 13
w 12 13
w 13 13
w 21 13
w 22 13
w 23 13
w 24 13
w 25 13
w 27 13
w 28 13
w 29 13
w 30 13
w 31 13
w 32 13
w 33 13
w 1 14
w 2 14
w 3 14
w 4 14
w 15 14
w 16 14
w 17 14
w 18 14
w 19 14
w 30 14
w 31 14
w 32 14
w 33 14
w 6 15
w 8 15
w 10 15
w 11 15
w 12 15
w 13 15
w 14 15
w 15 15
w 16 15
w 17 15
w 18 15
w 19 15
w 20 15
w 21 15
w 22 15
w 23 15
w 24 15
w 26 15
w 28 15
w 1 16
w 2 16
w 3 16
w 4 16
w 6 16
w 8 16
w 10 16
w 11 16
w 12 16
w 13 16
w 14 16
w 15 16
w 16 16
w 17 16
w 18 16
w 19 16
w 20 16
w 21 16
w 22 16
w 23 16
w 24 16
w 26 16
w 28 16
w 30 16
w 31 16
w 32 16
w 33 16
w 1 17
w 2 17
w 3 17
w 4 17
w 6 17
w 8 17
w 10 17
w 11 17
w 12 17
w 13 17
w 14 17
w 15 17
w 16 17
w 17 17
w 18 17
w 19 17
w 20 17
w 21 17
w 22 17
w 23 17
w 24 17
w 26 17
w 28 17
w 30 17
w 31 17
w 32 17
w 33 17
w 1 18
w 2 18
w 3 18
w 4 18
w 6 18
w 8 18
w 10 18
w 11 18
w 12 18
w 13 18
w 14 18
w 15 18
w 16 18
w 17 18
w 18 18
w 19 18
w 20 18
w 21 18
w 22 18
w 23 18
w 24 18
w 26 18
w 28 18
w 30 18
w 31 18
w 32 18
w 33 18
w 10 19
w 11 19
w 12 19
w 13 19
w 14 19
w 15 19
w 16 19
w 17 19
w 18 19
w 19 19
w 20 19
w 21 19
w 22 19
w 23 19
w 24 19
p 1 0
p 3 0
p 32 0
p 33 0
p 0 1
p 5 1
p 17 1
p 18 1
p 20 1
p 29 1
p 4 2
p 5 2
p 14 2
p 17 2
p 30 2
p 31 2
p 34 2
p 0 3
p 1 3
p 2 3
p 3 3
p 5 3
p 6 3
p 7 3
p 8 3
p 13 3
p 14 3
p 17 3
p 18 3
p 20 3
p 21 3
p 24 3
p 27 3
p 28 3
p 33 3
p 34 3
p 8 4
p 10 4
p 20 4
p 26 4
p 31 4
p 34 4
p 2 5
p 3 5
p 17 5
p 20 5
p 25 5
p 31 5
p 5 6
p 8 6
p 10 6
p 14 6
p 16 6
p 18 6
p 20 6
p 24 6
p 34 6
p 5 7
p 8 7
p 10 7
p 11 7
p 12 7
p 13 7
p 24 7
p 26 7
p 0 8
p 1 8
p 4 8
p 5 8
p 9 8
p 10 8
p 22 8
p 29 8
p 30 8
p 32 8
p 33 8
p 12 9
p 14 9
p 22 9
p 0 10
p 4 10
p 5 10
p 7 10
p 8 10
p 14 10
p 22 10
p 24 10
p 28 10
p 30 10
p 32 10
p 33 10
p 0 11
p 12 11
p 22 11
p 34 11
p 0 12
p 12 12
p 21 12
p 24 12
p 25 12
p 26 12
p 34 12
p 14 13
p 19 13
p 0 14
p 5 14
p 9 14
p 10 14
p 13 14
p 20 14
p 21 14
p 22 14
p 23 14
p 24 14
p 26 14
p 27 14
p 28 14
p 29 14
p 34 14
p 4 15
p 5 15
p 7 15
p 27 15
p 32 15
p 0 16
p 7 16
p 9 16
p 25 16
p 34 16
p 7 17
p 25 17
p 29 17
p 0 18
p 7 18
p 9 18
p 29 18
p 34 18
p 2 19
p 4 19
p 5 19
p 9 19
p 26 19
p 27 19
p 28 19
p 31 19
p 32 19
t 1400 0
m 0 18
1 34 1
2 33 0
3 34 1
t 1399 0
m 0 17
1 34 0
2 32 0
3 34 0
t 1398 0
m 0 17
1 33 0
2 31 0
3 33 0
t 1397 0
m 0 16
1 34 0
2 30 0
3 34 0
t 1396 1
m 0 15
1 34 1
2 29 0
3 33 0
t 1395 1
m 0 14
1 34 2
2 29 1
3 32 0
t 1394 2
m 0 13
1 34 3
2 29 2
3 31 0
t 1393 2
m 0 12
1 34 4
2 29 3
3 32 0
t 1392 2
m 0 11
1 34 5
2 28 3
3 31 0
t 1391 3
m 0 10
1 34 6
2 27 3
3 32 0
t 1390 4
m 0 9
1 34 7
2 26 3
3 33 0
t 1389 4
m 0 8
1 34 8
2 25 3
3 32 0
t 1388 4
m 1 8
1 33 8
2 26 3
3 33 0
t 1387 5
m 1 8
1 34 8
2 26 4
3 34 0
t 1386 5
m 2 8
1 34 9
2 26 3
3 33 0
t 1385 5
m 3 8
1 34 10
2 26 4
3 32 0
t 1384 5
m 4 8
1 34 11
2 26 5
3 33 0
t 1383 6
m 5 8
1 34 12
2 26 4
3 34 0
t 1382 6
m 5 7
1 34 13
2 26 5
3 33 0
t 1381 7
m 5 6
1 34 12
2 25 5
3 32 0
t 1380 8
m 5 5
1 34 13
2 24 5
3 33 0
t 1379 8
m 5 4
1 34 14
2 24 6
3 34 0
t 1378 8
m 5 3
1 34 15
2 24 7
3 34 1
t 1377 8
m 5 2
1 34 14
2 24 8
3 34 0
t 1376 9
m 5 1
1 34 13
2 24 9
3 33 0
t 1375 10
m 5 2
1 34 14
2 24 8
3 32 0
t 1374 10
m 4 2
1 34 15
2 25 8
3 33 0
t 1373 10
m 5 2
1 34 14
2 24 8
3 34 0
t 1372 10
m 4 2
1 34 15
2 24 7
3 34 1
t 1371 10
m 3 2
1 33 15
2 23 7
3 34 0
t 1370 10
m 3 3
1 34 15
2 24 7
3 33 0
t 1369 11
m 2 3
1 34 14
2 23 7
3 32 0
t 1368 12
m 1 3
1 34 15
2 22 7
3 31 0
t 1367 13
m 0 3
1 34 14
2 22 8
3 32 0
t 1366 13
m 0 2
1 34 15
2 22 7
3 33 0
t 1365 13
m 0 1
1 34 16
2 22 8
3 32 0
t 1364 14
m 0 0
1 34 15
2 22 9
3 33 0
t 1363 14
m 1 0
1 34 16
2 22 8
3 32 0
t 1362 15
m 2 0
1 34 17
2 22 9
3 33 0
t 1361 15
m 3 0
1 34 18
2 22 8
3 32 0
t 1360 15
m 2 0
1 34 17
2 22 9
3 33 0
t 1359 15
m 3 0
1 34 18
2 22 10
3 32 0
t 1358 15
m 4 0
1 34 19
2 22 9
3 33 0
t 1357 15
m 5 0
1 33 19
2 22 10
3 32 0
t 1356 15
m 5 1
1 32 19
2 22 11
3 33 0
t 1355 15
m 5 2
1 33 19
2 22 12
3 34 0
t 1354 15
m 5 1
1 32 19
2 22 11
3 34 1
t 1353 15
m 5 1
1 33 19
2 22 12
3 34 0
t 1352 15
m 5 2
1 32 19
2 21 12
3 33 0
t 1351 15
m 5 3
1 33 19
2 20 12
3 34 0
t 1350 15
m 6 3
1 34 19
2 21 12
3 33 0
t 1349 16
m 7 3
1 33 19
2 22 12
3 32 0
t 1348 17
m 8 3
1 32 19
2 21 12
3 33 0
t 1347 17
m 8 4
1 31 19
2 20 12
3 32 0
t 1346 18
m 8 5
1 32 19
2 20 11
3 33 0
t 1345 18
m 8 6
1 31 19
2 20 10
3 32 0
t 1344 19
m 8 7
1 32 19
2 20 9
3 33 0
t 1343 19
m 8 8
1 31 19
2 20 10
3 34 0
t 1342 19
m 9 8
1 32 19
2 20 9
3 33 0
t 1341 20
m 10 8
1 31 19
2 20 8
3 32 0
t 1340 21
m 10 7
1 32 19
2 20 9
3 33 0
t 1339 21
m 11 7
1 33 19
2 20 8
3 34 0
t 1338 22
m 12 7
1 34 19
2 20 9
3 33 0
t 1337 23
m 13 7
1 33 19
2 20 8
3 32 0
t 1336 23
m 14 7
1 34 19
2 20 9
3 31 0
t 1335 23
m 14 6
1 33 19
2 20 10
3 30 0
t 1334 24
m 15 6
1 32 19
2 20 11
3 29 0
t 1333 24
m 15 6
1 33 19
2 20 12
3 30 0
t 1332 24
m 16 6
1 34 19
2 21 12
3 31 0
t 1331 25
m 17 6
1 33 19
2 20 12
3 32 0
t 1330 25
m 17 5
1 32 19
2 20 11
3 33 0
t 1329 26
m 17 6
1 31 19
2 20 10
3 32 0
t 1328 26
m 18 6
1 32 19
2 20 11
3 31 0
t 1327 26
m 19 6
1 33 19
2 20 10
3 30 0
t 1326 26
m 20 6
1 34 19
2 20 11
3 31 0
t 1325 27
m 20 6
1 34 18
2 20 10
3 30 0
t 1324 27
m 20 5
1 34 17
2 20 9
3 31 0
t 1323 28
m 20 4
1 34 18
2 20 10
3 32 0
t 1322 28
m 20 3
1 34 19
2 20 11
3 33 0
t 1321 29
m 20 2
1 33 19
2 20 12
3 32 0
t 1320 29
m 20 1
1 32 19
2 20 11
3 33 0
t 1319 30
m 19 1
1 33 19
2 20 10
3 34 0
t 1318 30
m 18 1
1 32 19
2 20 9
3 34 1
t 1317 30
m 17 1
1 31 19
2 20 10
3 34 0
t 1316 31
m 17 2
1 32 19
2 20 11
3 34 1
t 1315 32
m 17 3
1 31 19
2 20 10
3 34 0
t 1314 32
m 18 3
1 30 19
2 20 9
3 33 0
t 1313 33
m 18 3
1 31 19
2 20 8
3 32 0
t 1312 33
m 18 3
1 30 19
2 20 9
3 31 0
t 1311 33
m 17 3
1 29 19
2 20 10
3 32 0
t 1310 33
m 16 3
1 30 19
2 20 11
3 33 0
t 1309 33
m 15 3
1 31 19
2 20 12
3 34 0
f 0 14
t 1308 33
m 14 3
1 30 19
2 21 12
3 34 1
t 1307 34
m 14 3
1 31 19
2 20 12
3 34 2
t 1306 34
m 13 3
1 32 19
2 20 11
3 34 1
t 1305 34
m 14 3
1 31 19
2 20 12
3 34 0
t 1304 34
m 14 2
1 32 19
2 20 13
3 33 0
t 1303 35
m 14 3
1 33 19
2 20 14
3 32 0
t 1302 35
m 14 4
1 34 19
2 21 14
3 33 0
t 1301 35
m 14 3
1 34 18
2 20 14
3 34 0
t 1300 35
m 13 3
1 34 17
2 20 13
3 33 0
t 1299 35
m 12 3
1 34 18
2 20 12
3 32 0
t 1298 35
m 11 3
1 34 17
2 20 13
3 33 0
t 1297 35
m 10 3
1 34 18
2 19 13
3 32 0
t 1296 35
m 10 4
1 34 19
2 20 13
3 33 0
t 1295 36
m 10 4
1 34 18
2 20 14
3 32 0
t 1294 36
m 10 5
1 34 19
2 20 13
3 31 0
t 1293 36
m 10 6
1 33 19
2 20 14
3 30 0
t 1292 36
m 10 7
1 32 19
2 20 13
3 29 0
t 1291 36
m 11 7
1 33 19
2 20 12
3 30 0
t 1290 36
m 12 7
1 34 19
2 20 11
3 31 0
t 1289 36
m 12 8
1 34 18
2 20 10
3 32 0
t 1288 36
m 12 9
1 34 17
2 20 11
3 31 0
t 1287 37
m 12 10
1 34 18
2 20 10
3 32 0
t 1286 37
m 12 11
1 34 17
2 20 9
3 31 0
t 1285 38
m 12 12
1 34 18
2 20 10
3 30 0
t 1284 39
m 13 12
1 34 19
2 20 11
3 29 0
t 1283 39
m 14 12
1 34 18
2 20 10
3 30 0
t 1282 39
m 14 13
1 34 19
2 20 11
3 29 0
t 1281 39
m 14 14
1 33 19
2 20 12
3 30 0
t 1280 39
m 13 14
1 32 19
2 20 13
3 29 0
t 1279 40
m 14 14
1 33 19
2 19 13
3 29 1
t 1278 40
m 14 13
1 34 19
2 20 13
3 29 0
t 1277 40
m 14 12
1 33 19
2 20 12
3 30 0
t 1276 40
m 14 11
1 34 19
2 21 12
3 31 0
t 1275 40
m 14 10
1 34 18
2 20 12
3 32 0
t 1274 41
m 14 9
1 34 17
2 20 11
3 33 0
t 1273 41
m 14 10
1 34 16
2 20 10
3 34 0
t 1272 41
m 14 10
1 34 17
2 20 11
3 33 0
t 1271 41
m 14 11
1 34 18
2 20 10
3 34 0
t 1270 41
m 14 10
1 34 19
2 20 9
3 33 0
t 1269 41
m 14 10
1 33 19
2 20 10
3 34 0
t 1268 41
m 14 11
1 34 19
2 20 11
3 33 0
t 1267 41
m 14 10
1 34 18
2 20 10
3 32 0
t 1266 41
m 14 10
1 34 17
2 20 9
3 31 0
t 1265 41
m 14 10
1 34 18
2 20 10
3 32 0
t 1264 41
m 14 10
1 34 17
2 20 11
3 31 0
t 1263 41
m 14 10
1 34 16
2 20 12
3 30 0
t 1262 41
m 14 10
1 34 17
2 20 13
3 31 0
t 1261 41
m 14 11
1 34 18
2 19 13
3 32 0
t 1260 41
m 14 10
1 34 19
2 18 13
3 33 0
t 1259 41
m 14 11
1 34 18
2 19 13
3 34 0
t 1258 41
m 14 12
1 34 19
2 18 13
3 33 0
t 1257 41
m 14 13
1 34 18
2 17 13
3 32 0
t 1256 41
m 14 12
1 34 19
2 16 13
3 33 0
t 1255 41
m 14 12
1 33 19
2 15 13
3 32 0
t 1254 41
m 14 12
1 32 19
2 16 13
3 33 0
t 1253 41
m 14 12
1 31 19
2 15 13
3 34 0
t 1252 41
m 14 11
1 32 19
2 14 13
3 33 0
t 1251 41
m 14 10
1 33 19
2 14 12
3 34 0
t 1250 41
m 14 11
1 32 19
2 14 13
3 33 0
t 1249 41
m 14 12
1 31 19
2 14 12
3 34 0
t 1248 41
