35
20
m 0 19
1 34 0
2 34 0
3 34 0
w 9 0
w 10 0
w 11 0
w 12 0
w 22 0
w 23 0
w 24 0
w 25 0
w 1 1
w 3 1
w 5 1
w 7 1
w 14 1
w 15 1
w 16 1
w 17 1
w 18 1
w 19 1
w 20 1
w 27 1
w 29 1
w 31 1
w 33 1
w 7 2
w 9 2
w 10 2
w 11 2
w 12 2
w 13 2
w 14 2
w 15 2
w 16 2
w 17 2
w 18 2
w 19 2
w 20 2
w 21 2
w 22 2
w 23 2
w 24 2
w 25 2
w 27 2
w 0 3
w 1 3
w 3 3
w 4 3
w 5 3
w 7 3
w 9 3
w 10 3
w 11 3
w 12 3
w 13 3
w 14 3
w 15 3
w 16 3
w 17 3
w 18 3
w 19 3
w 20 3
w 21 3
w 22 3
w 23 3
w 24 3
w 25 3
w 27 3
w 29 3
w 30 3
w 31 3
w 33 3
w 34 3
w 0 4
w 1 4
w 3 4
w 4 4
w 5 4
w 7 4
w 9 4
w 10 4
w 11 4
w 12 4
w 13 4
w 14 4
w 15 4
w 16 4
w 17 4
w 18 4
w 19 4
w 20 4
w 21 4
w 22 4
w 23 4
w 24 4
w 25 4
w 27 4
w 29 4
w 30 4
w 31 4
w 33 4
w 34 4
w 0 5
w 1 5
w 3 5
w 4 5
w 5 5
w 9 5
w 15 5
w 16 5
w 17 5
w 18 5
w 19 5
w 25 5
w 29 5
w 30 5
w 31 5
w 33 5
w 34 5
w 0 6
w 1 6
w 7 6
w 9 6
w 11 6
w 12 6
w 13 6
w 15 6
w 16 6
w 17 6
w 18 6
w 19 6
w 21 6
w 22 6
w 23 6
w 25 6
w 27 6
w 33 6
w 34 6
w 0 7
w 1 7
w 3 7
w 4 7
w 5 7
w 6 7
w 7 7
w 9 7
w 11 7
w 12 7
w 13 7
w 21 7
w 22 7
w 23 7
w 25 7
w 27 7
w 28 7
w 29 7
w 30 7
w 31 7
w 33 7
w 34 7
w 0 8
w 1 8
w 3 8
w 4 8
w 5 8
w 6 8
w 7 8
w 11 8
w 12 8
w 13 8
w 14 8
w 16 8
w 17 8
w 18 8
w 20 8
w 21 8
w 22 8
w 23 8
w 27 8
w 28 8
w 29 8
w 30 8
w 31 8
w 33 8
w 34 8
w 0 9
w 1 9
w 3 9
w 4 9
w 5 9
w 6 9
w 7 9
w 8 9
w 9 9
w 11 9
w 12 9
w 13 9
w 14 9
w 16 9
w 17 9
w 18 9
w 20 9
w 21 9
w 22 9
w 23 9
w 25 9
w 26 9
w 27 9
w 28 9
w 29 9
w 30 9
w 31 9
w 33 9
w 34 9
w 0 10
w 1 10
w 3 10
w 4 10
w 5 10
w 6 10
w 7 10
w 8 10
w 9 10
w 11 10
w 12 10
w 13 10
w 14 10
w 16 10
w 17 10
w 18 10
w 20 10
w 21 10
w 22 10
w 23 10
w 25 10
w 26 10
w 27 10
w 28 10
w 29 10
w 30 10
w 31 10
w 33 10
w 34 10
w 0 11
w 1 11
w 3 11
w 4 11
w 5 11
w 6 11
w 7 11
w 8 11
w 9 11
w 16 11
w 17 11
w 18 11
w 25 11
w 26 11
w 27 11
w 28 11
w 29 11
w 30 11
w 31 11
w 33 11
w 34 11
w 4 12
w 11 12
w 12 12
w 13 12
w 14 12
w 15 12
w 16 12
w 17 12
w 18 12
w 19 12
w 20 12
w 21 12
w 22 12
w 23 12
w 30 12
w 1 13
w 2 13
w 4 13
w 6 13
w 7 13
w 8 13
w 10 13
w 11 13
w 12 13
w 13 13
w 14 13
w 15 13
w 16 13
w 17 13
w 18 13
w 19 13
w 20 13
w 21 13
w 22 13
w 23 13
w 24 13
w 26 13
w 27 13
w 28 13
w 30 13
w 32 13
w 33 13
w 1 14
w 2 14
w 4 14
w 6 14
w 7 14
w 8 14
w 10 14
w 11 14
w 12 14
w 13 14
w 14 14
w 15 14
w 16 14
w 17 14
w 18 14
w 19 14
w 20 14
w 21 14
w 22 14
w 23 14
w 24 14
w 26 14
w 27 14
w 28 14
w 30 14
w 32 14
w 33 14
w 1 15
w 2 15
w 6 15
w 7 15
w 8 15
w 10 15
w 11 15
w 12 15
w 13 15
w 14 15
w 15 15
w 16 15
w 17 15
w 18 15
w 19 15
w 20 15
w 21 15
w 22 15
w 23 15
w 24 15
w 26 15
w 27 15
w 28 15
w 32 15
w 33 15
w 1 16
w 2 16
w 4 16
w 6 16
w 7 16
w 8 16
w 10 16
w 11 16
w 12 16
w 13 16
w 14 16
w 15 16
w 19 16
w 20 16
w 21 16
w 22 16
w 23 16
w 24 16
w 26 16
w 27 16
w 28 16
w 30 16
w 32 16
w 33 16
w 6 17
w 7 17
w 8 17
w 10 17
w 11 17
w 12 17
w 13 17
w 14 17
w 15 17
w 17 17
w 19 17
w 20 17
w 21 17
w 22 17
w 23 17
w 24 17
w 26 17
w 27 17
w 28 17
w 1 18
w 3 18
w 4 18
w 5 18
w 6 18
w 7 18
w 8 18
w 10 18
w 11 18
w 12 18
w 13 18
w 14 18
w 15 18
w 17 18
w 19 18
w 20 18
w 21 18
w 22 18
w 23 18
w 24 18
w 26 18
w 27 18
w 28 18
w 29 18
w 30 18
w 31 18
w 33 18
p 2 0
p 3 0
p 5 0
p 6 0
p 7 0
p 13 0
p 14 0
p 15 0
p 16 0
p 19 0
p 20 0
p 21 0
p 29 0
p 30 0
p 31 0
p 32 0
p 4 1
p 9 1
p 10 1
p 11 1
p 12 1
p 13 1
p 21 1
p 22 1
p 25 1
p 32 1
p 1 2
p 2 2
p 3 2
p 4 2
p 5 2
p 6 2
p 8 2
p 26 2
p 28 2
p 30 2
p 2 3
p 8 3
p 26 3
p 28 3
p 32 3
p 6 4
p 28 4
p 32 4
p 6 5
p 7 5
p 8 5
p 10 5
p 13 5
p 21 5
p 22 5
p 24 5
p 27 5
p 28 5
p 32 5
p 2 6
p 3 6
p 4 6
p 10 6
p 20 6
p 24 6
p 26 6
p 31 6
p 2 7
p 10 7
p 15 7
p 16 7
p 19 7
p 20 7
p 26 7
p 32 7
p 8 8
p 9 8
p 15 8
p 26 8
p 2 9
p 15 9
p 32 9
p 2 10
p 19 10
p 32 10
p 2 11
p 10 11
p 11 11
p 13 11
p 15 11
p 19 11
p 20 11
p 21 11
p 23 11
p 24 11
p 0 12
p 2 12
p 8 12
p 9 12
p 27 12
p 28 12
p 29 12
p 31 12
p 32 12
p 34 12
p 0 13
p 3 13
p 25 13
p 34 13
p 0 14
p 3 14
p 9 14
p 25 14
p 29 14
p 0 15
p 3 15
p 9 15
p 29 15
p 31 15
p 34 15
p 17 16
p 18 16
p 25 16
p 31 16
p 34 16
p 0 17
p 3 17
p 4 17
p 9 17
p 18 17
p 25 17
p 31 17
p 32 17
p 33 17
p 0 18
p 16 18
p 3 19
p 4 19
p 6 19
p 11 19
p 12 19
p 14 19
p 15 19
p 18 19
p 24 19
p 25 19
p 27 19
p 28 19
p 30 19
p 31 19
p 34 19
t 1400 0
m 0 18
1 34 1
2 33 0
3 34 1
t 1399 0
m 0 18
1 34 2
2 32 0
3 34 2
t 1398 0
m 0 18
1 33 2
2 31 0
3 33 2
t 1397 0
m 0 17
1 32 2
2 30 0
3 32 2
t 1396 1
m 0 16
1 31 2
2 29 0
3 32 3
t 1395 1
m 0 15
1 30 2
2 28 0
3 32 4
t 1394 2
m 0 14
1 29 2
2 27 0
3 32 5
t 1393 2
m 0 13
1 30 2
2 26 0
3 32 6
t 1392 3
m 0 13
1 29 2
2 26 1
3 32 7
t 1391 3
m 0 13
1 30 2
2 25 1
3 32 8
t 1390 3
m 0 13
1 29 2
2 24 1
3 32 9
t 1389 3
m 0 13
1 30 2
2 23 1
3 32 10
t 1388 3
m 0 12
1 31 2
2 22 1
3 32 11
t 1387 4
m 0 12
1 32 2
2 21 1
3 32 12
t 1386 4
m 1 12
1 31 2
2 21 0
3 31 12
t 1385 4
m 2 12
1 32 2
2 21 1
3 32 12
t 1384 4
m 2 11
1 33 2
2 21 0
3 33 12
t 1383 5
m 2 11
1 32 2
2 21 1
3 34 12
t 1382 5
m 2 10
1 32 3
2 21 0
3 34 13
t 1381 6
m 2 9
1 32 2
2 20 0
3 34 12
t 1380 6
m 2 9
1 31 2
2 19 0
3 34 13
t 1379 6
m 2 9
1 30 2
2 18 0
3 34 14
t 1378 6
m 2 8
1 31 2
2 17 0
3 34 13
t 1377 6
m 2 7
1 30 2
2 16 0
3 34 14
t 1376 7
m 2 8
1 31 2
2 15 0
3 34 13
t 1375 7
m 2 7
1 30 2
2 16 0
3 34 14
t 1374 7
m 2 7
1 29 2
2 15 0
3 34 15
t 1373 7
m 2 6
1 30 2
2 16 0
3 34 16
t 1372 8
m 2 7
1 31 2
2 17 0
3 34 17
t 1371 8
m 2 7
1 32 2
2 18 0
3 34 16
t 1370 8
m 2 8
1 32 3
2 17 0
3 34 17
t 1369 8
m 2 7
1 32 4
2 16 0
3 34 18
t 1368 8
m 2 7
1 32 5
2 17 0
3 34 19
t 1367 8
m 2 6
1 32 4
2 18 0
3 33 19
t 1366 8
m 2 6
1 32 5
2 17 0
3 34 19
t 1365 8
m 2 5
1 32 6
2 16 0
3 33 19
t 1364 8
m 2 6
1 31 6
2 17 0
3 34 19
t 1363 8
m 2 6
1 30 6
2 18 0
3 33 19
t 1362 8
m 2 7
1 29 6
2 17 0
3 32 19
t 1361 8
m 2 6
1 30 6
2 16 0
3 33 19
t 1360 8
m 2 6
1 29 6
2 15 0
3 34 19
t 1359 8
m 3 6
1 30 6
2 16 0
3 34 18
t 1358 8
m 3 6
1 29 6
2 15 0
3 34 19
t 1357 8
m 4 6
1 30 6
2 16 0
3 33 19
t 1356 9
m 3 6
1 29 6
2 17 0
3 34 19
t 1355 9
m 3 6
1 30 6
2 16 0
3 33 19
t 1354 9
m 3 6
1 29 6
2 15 0
3 34 19
t 1353 9
m 4 6
1 30 6
2 14 0
3 34 18
t 1352 9
m 3 6
1 29 6
2 13 0
3 34 19
t 1351 9
m 3 6
1 28 6
2 13 1
3 33 19
t 1350 9
m 3 6
1 28 5
2 12 1
3 34 19
t 1349 9
m 2 6
1 27 5
2 13 1
3 34 18
t 1348 9
m 2 5
1 28 5
2 13 0
3 34 19
t 1347 9
m 2 4
1 27 5
2 13 1
3 33 19
t 1346 9
m 2 3
1 28 5
2 12 1
3 32 19
t 1345 10
m 2 4
1 27 5
2 13 1
3 33 19
t 1344 10
m 2 3
1 28 5
2 12 1
3 32 19
t 1343 10
m 2 3
1 27 5
2 11 1
3 33 19
t 1342 10
m 2 2
1 26 5
2 10 1
3 34 19
t 1341 10
m 3 2
1 26 6
2 11 1
3 33 19
t 1340 11
m 2 2
1 26 7
2 10 1
3 34 19
t 1339 11
m 1 2
1 26 6
2 9 1
3 33 19
t 1338 12
m 2 2
1 26 5
2 10 1
3 34 19
t 1337 12
m 3 2
1 26 6
2 11 1
3 34 18
t 1336 12
m 4 2
1 26 5
2 10 1
3 34 19
t 1335 12
m 4 2
1 26 4
2 9 1
3 33 19
t 1334 12
m 3 2
1 26 3
2 8 1
3 34 19
t 1333 12
m 4 2
1 26 2
2 8 2
3 34 18
t 1332 12
m 5 2
1 26 1
2 8 1
3 34 19
t 1331 13
m 5 2
1 25 1
2 8 2
3 34 18
t 1330 13
m 6 2
1 24 1
2 8 3
3 34 17
t 1329 14
m 6 3
1 23 1
2 8 4
3 34 18
t 1328 14
m 6 2
1 22 1
2 8 3
3 34 17
t 1327 14
m 5 2
1 23 1
2 8 2
3 34 16
t 1326 14
m 4 2
1 22 1
2 8 3
3 34 15
t 1325 14
m 5 2
1 23 1
2 8 4
3 34 16
t 1324 14
m 6 2
1 22 1
2 8 3
3 34 17
t 1323 14
m 6 1
1 21 1
2 8 2
3 34 18
t 1322 14
m 6 2
1 22 1
2 8 1
3 34 17
t 1321 14
m 6 2
1 21 1
2 8 2
3 34 18
t 1320 14
m 6 3
1 22 1
2 8 3
3 34 19
f 0 13
t 1319 14
m 6 4
1 23 1
2 8 4
3 33 19
t 1318 14
m 6 5
1 24 1
2 8 3
3 34 19
t 1317 15
m 6 6
1 23 1
2 8 2
3 34 18
t 1316 15
m 6 5
1 22 1
2 8 3
3 34 19
t 1315 15
m 7 5
1 21 1
2 8 2
3 34 18
t 1314 16
m 6 5
1 22 1
2 8 3
3 34 17
t 1313 16
m 6 5
1 21 1
2 8 4
3 33 17
t 1312 16
m 7 5
1 21 0
2 8 3
3 34 17
t 1311 16
m 8 5
1 21 1
2 8 4
3 34 16
t 1310 17
m 8 5
1 22 1
2 8 5
3 34 15
t 1309 17
