35
20
m 0 19
1 34 0
2 34 0
3 34 0
w 6 0
w 7 0
w 8 0
w 9 0
w 10 0
w 11 0
w 12 0
w 13 0
w 17 0
w 21 0
w 22 0
w 23 0
w 24 0
w 25 0
w 26 0
w 27 0
w 28 0
w 1 1
w 2 1
w 3 1
w 4 1
w 15 1
w 17 1
w 19 1
w 30 1
w 31 1
w 32 1
w 33 1
w 1 2
w 2 2
w 3 2
w 4 2
w 6 2
w 7 2
w 8 2
w 9 2
w 10 2
w 11 2
w 12 2
w 13 2
w 14 2
w 15 2
w 17 2
w 19 2
w 20 2
w 21 2
w 22 2
w 23 2
w 24 2
w 25 2
w 26 2
w 27 2
w 28 2
w 30 2
w 31 2
w 32 2
w 33 2
w 1 3
w 2 3
w 3 3
w 4 3
w 9 3
w 10 3
w 11 3
w 12 3
w 13 3
w 14 3
w 15 3
w 17 3
w 19 3
w 20 3
w 21 3
w 22 3
w 23 3
w 24 3
w 25 3
w 30 3
w 31 3
w 32 3
w 33 3
w 1 4
w 2 4
w 3 4
w 4 4
w 5 4
w 7 4
w 9 4
w 10 4
w 11 4
w 12 4
w 13 4
w 14 4
w 15 4
w 19 4
w 20 4
w 21 4
w 22 4
w 23 4
w 24 4
w 25 4
w 27 4
w 29 4
w 30 4
w 31 4
w 32 4
w 33 4
w 1 5
w 2 5
w 3 5
w 4 5
w 5 5
w 7 5
w 9 5
w 10 5
w 11 5
w 12 5
w 13 5
w 14 5
w 15 5
w 16 5
w 17 5
w 18 5
w 19 5
w 20 5
w 21 5
w 22 5
w 23 5
w 24 5
w 25 5
w 27 5
w 29 5
w 30 5
w 31 5
w 32 5
w 33 5
w 1 6
w 2 6
w 3 6
w 4 6
w 5 6
w 7 6
w 9 6
w 10 6
w 11 6
w 12 6
w 13 6
w 14 6
w 15 6
w 16 6
w 17 6
w 18 6
w 19 6
w 20 6
w 21 6
w 22 6
w 23 6
w 24 6
w 25 6
w 27 6
w 29 6
w 30 6
w 31 6
w 32 6
w 33 6
w 3 7
w 4 7
w 5 7
w 9 7
w 10 7
w 11 7
w 16 7
w 17 7
w 18 7
w 23 7
w 24 7
w 25 7
w 29 7
w 30 7
w 31 7
w 0 8
w 1 8
w 3 8
w 4 8
w 5 8
w 6 8
w 7 8
w 9 8
w 10 8
w 11 8
w 13 8
w 14 8
w 16 8
w 17 8
w 18 8
w 20 8
w 21 8
w 23 8
w 24 8
w 25 8
w 27 8
w 28 8
w 29 8
w 30 8
w 31 8
w 33 8
w 34 8
w 0 9
w 1 9
w 3 9
w 4 9
w 5 9
w 6 9
w 7 9
w 9 9
w 10 9
w 11 9
w 13 9
w 14 9
w 16 9
w 17 9
w 18 9
w 20 9
w 21 9
w 23 9
w 24 9
w 25 9
w 27 9
w 28 9
w 29 9
w 30 9
w 31 9
w 33 9
w 34 9
w 1 11
w 3 11
w 4 11
w 5 11
w 6 11
w 7 11
w 9 11
w 10 11
w 12 11
w 13 11
w 14 11
w 15 11
w 16 11
w 17 11
w 18 11
w 19 11
w 20 11
w 21 11
w 22 11
w 24 11
w 25 11
w 27 11
w 28 11
w 29 11
w 30 11
w 31 11
w 33 11
w 1 12
w 3 12
w 4 12
w 5 12
w 6 12
w 7 12
w 9 12
w 10 12
w 12 12
w 13 12
w 14 12
w 15 12
w 16 12
w 17 12
w 18 12
w 19 12
w 20 12
w 21 12
w 22 12
w 24 12
w 25 12
w 27 12
w 28 12
w 29 12
w 30 12
w 31 12
w 33 12
w 3 13
w 4 13
w 5 13
w 6 13
w 7 13
w 9 13
w 10 13
w 24 13
w 25 13
w 27 13
w 28 13
w 29 13
w 30 13
w 31 13
w 1 14
w 2 14
w 3 14
w 4 14
w 5 14
w 6 14
w 7 14
w 9 14
w 10 14
w 11 14
w 12 14
w 13 14
w 14 14
w 16 14
w 17 14
w 18 14
w 20 14
w 21 14
w 22 14
w 23 14
w 24 14
w 25 14
w 27 14
w 28 14
w 29 14
w 30 14
w 31 14
w 32 14
w 33 14
w 1 15
w 2 15
w 3 15
w 4 15
w 5 15
w 6 15
w 7 15
w 13 15
w 14 15
w 16 15
w 17 15
w 18 15
w 20 15
w 21 15
w 27 15
w 28 15
w 29 15
w 30 15
w 31 15
w 32 15
w 33 15
w 1 16
w 2 16
w 3 16
w 4 16
w 5 16
w 6 16
w 7 16
w 8 16
w 9 16
w 10 16
w 11 16
w 13 16
w 14 16
w 16 16
w 17 16
w 18 16
w 20 16
w 21 16
w 23 16
w 24 16
w 25 16
w 26 16
w 27 16
w 28 16
w 29 16
w 30 16
w 31 16
w 32 16
w 33 16
w 1 17
w 2 17
w 3 17
w 4 17
w 5 17
w 6 17
w 7 17
w 8 17
w 17 17
w 26 17
w 27 17
w 28 17
w 29 17
w 30 17
w 31 17
w 32 17
w 33 17
w 1 18
w 2 18
w 3 18
w 4 18
w 5 18
w 6 18
w 7 18
w 8 18
w 10 18
w 11 18
w 13 18
w 14 18
w 15 18
w 17 18
w 19 18
w 20 18
w 21 18
w 23 18
w 24 18
w 26 18
w 27 18
w 28 18
w 29 18
w 30 18
w 31 18
w 32 18
w 33 18
w 10 19
w 11 19
w 23 19
w 24 19
p 0 0
p 1 0
p 4 0
p 14 0
p 16 0
p 18 0
p 19 0
p 20 0
p 30 0
p 32 0
p 34 0
p 5 1
p 6 1
p 7 1
p 8 1
p 10 1
p 11 1
p 12 1
p 13 1
p 14 1
p 16 1
p 22 1
p 23 1
p 24 1
p 25 1
p 34 1
p 16 2
p 18 2
p 34 2
p 5 3
p 6 3
p 16 3
p 18 3
p 27 3
p 34 3
p 6 4
p 18 4
p 26 4
p 28 4
p 34 4
p 8 5
p 0 6
p 6 7
p 7 7
p 12 7
p 14 7
p 15 7
p 22 7
p 26 7
p 27 7
p 34 7
p 2 8
p 12 8
p 15 8
p 19 8
p 22 8
p 32 8
p 2 9
p 12 9
p 15 9
p 19 9
p 22 9
p 26 9
p 32 9
p 1 10
p 2 10
p 5 10
p 6 10
p 8 10
p 9 10
p 11 10
p 12 10
p 13 10
p 16 10
p 18 10
p 19 10
p 21 10
p 23 10
p 24 10
p 25 10
p 26 10
p 29 10
p 30 10
p 33 10
p 34 10
p 0 11
p 8 11
p 26 11
p 34 11
p 0 12
p 2 12
p 8 12
p 23 12
p 32 12
p 34 12
p 0 13
p 1 13
p 12 13
p 13 13
p 15 13
p 18 13
p 20 13
p 21 13
p 22 13
p 23 13
p 32 13
p 15 14
p 26 14
p 34 14
p 8 15
p 19 15
p 25 15
p 0 16
p 12 16
p 15 16
p 22 16
p 34 16
p 9 17
p 12 17
p 14 17
p 15 17
p 18 17
p 20 17
p 23 17
p 24 17
p 25 17
p 34 17
p 0 18
p 9 18
p 12 18
p 16 18
p 18 18
p 22 18
p 4 19
p 6 19
p 7 19
p 9 19
p 12 19
p 13 19
p 15 19
p 17 19
p 19 19
p 20 19
p 21 19
p 25 19
p 28 19
p 29 19
p 30 19
p 32 19
t 1400 0
m 0 18
1 33 0
2 33 0
3 34 1
t 1399 0
m 0 17
1 34 0
2 32 0
3 34 2
t 1398 0
m 0 16
1 33 0
2 33 0
3 34 1
t 1397 1
m 0 15
1 32 0
2 34 0
3 34 2
t 1396 1
m 0 14
1 33 0
2 34 1
3 34 3
t 1395 1
m 0 13
1 32 0
2 34 2
3 34 2
t 1394 2
m 0 12
1 31 0
2 34 1
3 34 1
t 1393 2
m 0 11
1 32 0
2 34 0
3 34 0
t 1392 3
m 0 10
1 31 0
2 34 1
3 33 0
t 1391 3
m 1 10
1 30 0
2 34 0
3 32 0
t 1390 4
m 2 10
1 29 0
2 33 0
3 31 0
t 1389 4
m 2 9
1 30 0
2 34 0
3 30 0
t 1388 5
m 2 8
1 31 0
2 33 0
3 29 0
t 1387 6
m 2 7
1 30 0
2 34 0
3 29 1
t 1386 6
m 2 7
1 31 0
2 34 1
3 28 1
t 1385 6
m 2 7
1 32 0
2 34 0
3 29 1
t 1384 6
m 2 7
1 33 0
2 33 0
3 29 2
t 1383 6
m 2 7
1 34 0
2 34 0
3 29 1
t 1382 6
m 2 7
1 34 1
2 34 1
3 29 0
t 1381 6
m 2 7
1 34 2
2 34 2
3 29 1
t 1380 6
m 2 7
1 34 3
2 34 3
3 29 2
t 1379 6
m 2 7
1 34 2
2 34 2
3 29 1
t 1378 6
m 2 7
1 34 1
2 34 3
3 29 2
t 1377 6
m 2 7
1 34 0
2 34 4
3 29 1
t 1376 6
m 2 7
1 34 1
2 34 5
3 28 1
t 1375 6
m 2 7
1 34 2
2 34 4
3 29 1
t 1374 6
m 2 7
1 34 3
2 34 5
3 29 2
t 1373 6
m 2 7
1 34 2
2 34 6
3 29 3
t 1372 6
m 2 7
1 34 1
2 34 7
3 28 3
t 1371 6
m 2 7
1 34 0
2 34 6
3 28 4
t 1370 6
m 2 7
1 34 1
2 34 5
3 28 5
t 1369 6
m 2 7
1 34 2
2 34 6
3 28 4
t 1368 6
m 2 7
1 34 3
2 34 5
3 28 5
t 1367 6
m 2 7
1 34 4
2 34 4
3 28 6
t 1366 6
m 2 7
1 34 3
2 34 3
3 28 5
t 1365 6
m 2 7
1 34 4
2 34 2
3 28 4
t 1364 6
m 2 7
1 34 5
2 34 3
3 28 5
t 1363 6
m 2 7
1 34 6
2 34 4
3 28 4
t 1362 6
m 2 7
1 34 5
2 34 5
3 28 5
t 1361 6
m 2 7
1 34 6
2 34 6
3 28 4
t 1360 6
m 2 7
1 34 5
2 34 7
3 28 5
t 1359 6
m 2 7
1 34 4
2 34 6
3 28 6
t 1358 6
m 2 7
1 34 3
2 34 7
3 28 7
t 1357 6
m 2 7
1 34 4
2 34 6
3 28 6
t 1356 6
m 2 7
1 34 3
2 34 5
3 28 5
t 1355 6
m 2 7
1 34 4
2 34 6
3 28 6
t 1354 6
m 2 7
1 34 5
2 34 5
3 28 5
t 1353 6
m 2 7
1 34 4
2 34 4
3 28 6
t 1352 6
m 2 7
1 34 5
2 34 3
3 28 5
t 1351 6
m 2 7
1 34 4
2 34 2
3 28 6
t 1350 6
m 2 7
1 34 3
2 34 3
3 28 5
t 1349 6
m 2 7
1 34 4
2 34 4
3 28 4
t 1348 6
m 2 7
1 34 3
2 34 5
3 28 5
t 1347 6
m 2 7
1 34 4
2 34 6
3 28 4
t 1346 6
m 2 7
1 34 5
2 34 5
3 28 5
t 1345 6
m 2 7
1 34 6
2 34 6
3 28 4
t 1344 6
m 2 7
1 34 5
2 34 5
3 28 3
t 1343 6
m 2 7
1 34 4
2 34 6
3 29 3
t 1342 6
m 2 7
1 34 3
2 34 7
3 29 2
t 1341 6
m 2 7
1 34 2
2 34 6
3 29 1
t 1340 6
m 2 7
1 34 1
2 34 5
3 28 1
t 1339 6
m 2 7
1 34 2
2 34 4
3 29 1
t 1338 6
m 2 7
1 34 1
2 34 5
3 29 2
t 1337 6
m 2 7
1 34 2
2 34 6
3 29 1
t 1336 6
m 2 7
1 34 3
2 34 5
3 29 2
t 1335 6
m 2 7
1 34 4
2 34 6
3 29 3
t 1334 6
m 2 7
1 34 5
2 34 5
3 28 3
t 1333 6
m 2 7
1 34 4
2 34 6
3 29 3
t 1332 6
m 2 7
1 34 5
2 34 7
3 29 2
t 1331 6
m 2 7
1 34 4
2 34 6
3 29 1
t 1330 6
m 2 7
1 34 3
2 34 5
3 29 2
t 1329 6
m 2 7
1 34 4
2 34 4
3 29 3
t 1328 6
m 2 7
1 34 3
2 34 3
3 28 3
t 1327 6
m 2 7
1 34 4
2 34 2
3 28 4
t 1326 6
m 2 7
1 34 5
2 34 1
3 28 5
t 1325 6
m 2 7
1 34 6
2 34 0
3 28 6
t 1324 6
m 2 7
1 34 5
2 33 0
3 28 7
t 1323 6
m 2 7
1 34 6
2 34 0
3 27 7
t 1322 6
m 2 7
1 34 5
2 33 0
3 26 7
t 1321 6
m 2 7
1 34 4
2 34 0
3 26 6
t 1320 6
m 2 7
1 34 5
2 34 1
3 26 5
t 1319 6
m 2 7
1 34 6
2 34 2
3 26 4
t 1318 6
m 2 7
1 34 5
2 34 3
3 26 3
t 1317 6
m 2 7
1 34 6
2 34 4
3 27 3
t 1316 6
m 2 7
1 34 7
2 34 5
3 26 3
t 1315 6
m 2 7
1 34 6
2 34 6
3 27 3
t 1314 6
m 2 7
1 34 5
2 34 7
3 28 3
t 1313 6
m 2 7
1 34 4
2 33 7
3 28 4
t 1312 6
m 2 7
1 34 5
2 32 7
3 28 3
t 1311 6
m 2 7
1 34 4
2 33 7
3 27 3
t 1310 6
m 2 7
1 34 5
2 34 7
3 28 3
t 1309 6
m 2 7
1 34 4
2 33 7
3 28 4
t 1308 6
m 2 7
1 34 5
2 32 7
3 28 5
t 1307 6
m 2 7
1 34 4
2 32 8
3 28 4
t 1306 6
m 2 7
1 34 3
2 32 9
3 28 3
t 1305 6
m 2 7
1 34 4
2 32 8
3 29 3
t 1304 6
m 2 8
1 34 3
2 32 9
3 28 3
t 1303 6
m 2 9
1 34 2
2 32 10
3 27 3
t 1302 6
m 2 8
1 34 3
2 33 10
3 28 3
t 1301 6
m 2 7
1 34 4
2 32 10
3 28 4
t 1300 6
m 2 7
1 34 5
2 32 11
3 28 3
t 1299 6
m 2 7
1 34 4
2 32 12
3 28 4
t 1298 6
m 2 7
1 34 3
2 32 13
3 28 5
t 1297 6
m 2 7
1 34 4
2 33 13
3 28 4
t 1296 6
m 2 7
1 34 5
2 34 13
3 28 5
t 1295 6
m 2 7
1 34 6
2 33 13
3 28 4
t 1294 6
m 2 7
1 34 7
2 34 13
3 28 5
t 1293 6
m 2 7
1 34 6
2 33 13
3 28 6
t 1292 6
m 2 7
1 34 5
2 34 13
3 28 5
t 1291 6
m 2 7
1 34 4
2 33 13
3 28 4
t 1290 6
m 2 7
1 34 5
2 34 13
3 28 3
t 1289 6
m 2 7
1 34 4
2 33 13
3 29 3
t 1288 6
m 2 7
1 34 5
2 32 13
3 29 2
t 1287 6
m 2 7
1 34 4
2 33 13
3 29 1
t 1286 6
m 2 7
1 34 5
2 32 13
3 29 0
f 0 18
t 1285 6
m 2 7
1 34 4
2 33 13
3 29 1
t 1284 6
m 2 7
1 34 3
2 34 13
3 29 2
t 1283 6
m 2 7
1 34 2
2 33 13
3 29 3
t 1282 6
m 2 7
1 34 1
2 32 13
3 29 2
t 1281 6
m 2 7
1 34 0
2 32 12
3 29 1
t 1280 6
m 2 7
1 33 0
2 32 11
3 29 2
t 1279 6
m 2 7
1 34 0
2 32 10
3 29 3
t 1278 6
m 2 7
1 33 0
2 32 11
3 29 2
t 1277 6
m 2 7
1 34 0
2 32 10
3 29 3
t 1276 6
m 2 7
1 34 1
2 32 11
3 29 2
t 1275 6
m 2 7
1 34 2
2 32 12
3 29 3
t 1274 6
m 2 7
1 34 3
2 32 13
3 29 2
t 1273 6
m 2 7
1 34 2
2 32 12
3 29 3
t 1272 6
m 2 7
1 34 3
2 32 11
3 29 2
t 1271 6
m 2 7
1 34 2
2 32 10
3 29 1
t 1270 6
m 2 8
1 34 1
2 32 9
3 29 2
t 1269 6
m 2 9
1 34 2
2 32 10
3 29 3
t 1268 6
m 2 10
1 34 3
2 31 10
3 29 2
t 1267 6
m 3 10
1 34 2
2 30 10
3 29 1
t 1266 6
m 4 10
1 34 1
2 31 10
3 28 1
t 1265 6
m 5 10
1 34 0
2 32 10
3 29 1
t 1264 6
m 6 10
1 33 0
2 33 10
3 28 1
t 1263 7
m 7 10
1 32 0
2 34 10
3 27 1
t 1262 7
m 8 10
1 33 0
2 33 10
3 28 1
t 1261 8
m 9 10
1 32 0
2 32 10
3 27 1
t 1260 8
m 10 10
1 31 0
2 32 9
3 26 1
t 1259 8
m 11 10
1 32 0
2 32 10
3 27 1
t 1258 9
m 12 10
1 31 0
2 32 9
3 26 1
t 1257 10
m 12 9
1 32 0
2 32 10
3 25 1
t 1256 10
m 12 10
1 33 0
2 31 10
3 24 1
t 1255 10
m 13 10
1 34 0
2 30 10
3 23 1
t 1254 11
m 14 10
1 33 0
2 29 10
3 22 1
t 1253 11
m 15 10
1 32 0
2 28 10
3 23 1
t 1252 11
m 16 10
1 31 0
2 29 10
3 24 1
t 1251 12
m 17 10
1 32 0
2 28 10
3 25 1
t 1250 12
m 18 10
1 31 0
2 27 10
3 24 1
t 1249 12
m 19 10
1 30 0
2 28 10
3 23 1
t 1248 13
m 20 10
1 31 0
2 27 10
3 22 1
t 1247 13
m 21 10
1 30 0
2 28 10
3 23 1
t 1246 14
m 22 10
1 31 0
2 29 10
3 24 1
t 1245 14
m 23 10
1 32 0
2 28 10
3 23 1
t 1244 14
m 24 10
1 31 0
2 27 10
3 24 1
t 1243 15
m 25 10
1 32 0
2 28 10
3 23 1
t 1242 16
m 26 10
1 31 0
2 27 10
3 24 1
t 1241 16
m 27 10
1 32 0
2 28 10
3 25 1
t 1240 16
m 28 10
1 31 0
2 27 10
3 24 1
t 1239 16
m 27 10
1 32 0
2 26 10
3 25 1
t 1238 16
m 26 10
1 33 0
2 25 10
3 26 1
t 1237 16
m 25 10
1 32 0
2 26 10
3 27 1
t 1236 16
m 26 10
1 31 0
2 27 10
3 26 1
t 1235 16
m 27 10
1 30 0
2 26 10
3 25 1
t 1234 16
m 26 10
1 29 0
2 26 9
3 24 1
t 1233 16
m 26 9
1 29 1
2 26 10
3 23 1
t 1232 17
m 26 10
1 28 1
2 27 10
3 24 1
t 1231 17
m 27 10
1 29 1
2 26 10
3 23 1
t 1230 17
m 26 10
1 29 0
2 26 9
3 24 1
t 1229 17
m 26 9
1 29 1
2 26 8
3 25 1
t 1228 17
m 26 8
1 29 2
2 26 9
3 24 1
t 1227 17
m 26 9
1 29 1
2 26 8
3 25 1
t 1226 17
m 26 8
1 29 2
2 26 9
3 26 1
t 1225 17
m 26 9
1 29 3
2 26 10
3 27 1
t 1224 17
m 26 10
1 29 2
2 26 11
3 28 1
t 1223 17
m 26 11
1 29 1
2 26 10
3 27 1
t 1222 18
m 26 10
1 28 1
2 27 10
3 26 1
t 1221 18
m 27 10
1 27 1
2 28 10
3 25 1
t 1220 18
m 28 10
1 28 1
2 27 10
3 24 1
t 1219 18
m 27 10
1 27 1
2 28 10
3 23 1
t 1218 18
m 28 10
1 26 1
2 27 10
3 24 1
t 1217 18
m 27 10
1 27 1
2 26 10
3 23 1
t 1216 18
m 26 10
1 26 1
2 27 10
3 22 1
t 1215 18
m 27 10
1 25 1
2 26 10
3 23 1
t 1214 18
m 26 10
1 26 1
2 25 10
3 22 1
t 1213 18
m 25 10
1 27 1
2 24 10
3 21 1
t 1212 18
m 24 10
1 26 1
2 25 10
3 22 1
t 1211 18
m 25 10
1 25 1
2 24 10
3 21 1
t 1210 18
m 24 10
1 24 1
2 23 10
3 20 1
t 1209 18
m 23 10
1 23 1
2 22 10
3 20 0
t 1208 18
m 22 10
1 22 1
2 23 10
3 20 1
t 1207 18
m 23 10
1 23 1
2 24 10
3 20 0
t 1206 18
m 24 10
1 24 1
2 23 10
3 19 0
t 1205 18
m 23 10
1 23 1
2 24 10
3 20 0
t 1204 18
m 24 10
1 22 1
2 23 10
3 20 1
t 1203 18
m 23 10
1 23 1
2 23 11
3 20 0
t 1202 18
m 23 11
1 24 1
2 23 12
3 20 1
t 1201 18
m 23 12
1 23 1
2 23 13
3 21 1
t 1200 18
m 23 13
1 24 1
2 23 12
3 22 1
t 1199 19
m 23 12
1 23 1
2 23 13
3 23 1
t 1198 19
m 23 13
1 22 1
2 23 12
3 24 1
t 1197 19
m 23 12
1 21 1
2 23 11
3 23 1
t 1196 19
m 23 11
1 20 1
2 23 12
3 22 1
t 1195 19
m 23 12
1 20 0
2 23 13
3 23 1
t 1194 19
m 23 13
1 19 0
2 22 13
3 22 1
t 1193 19
m 22 13
1 20 0
2 23 13
3 21 1
t 1192 20
m 23 13
1 20 1
2 23 12
3 20 1
t 1191 20
m 23 12
1 20 0
2 23 13
3 20 0
t 1190 20
m 23 13
1 20 1
2 22 13
3 19 0
t 1189 20
m 22 13
1 20 0
2 21 13
3 20 0
t 1188 20
m 21 13
1 20 1
2 22 13
3 19 0
t 1187 20
m 22 13
1 21 1
2 21 13
3 20 0
t 1186 20
m 21 13
1 20 1
2 22 13
3 20 1
t 1185 20
m 22 13
1 20 0
2 23 13
3 20 0
t 1184 20
m 23 13
1 20 1
2 23 12
3 20 1
t 1183 20
m 23 12
1 20 0
2 23 13
3 21 1
t 1182 20
m 23 13
1 19 0
2 23 12
3 22 1
t 1181 20
m 23 12
1 18 0
2 23 13
3 21 1
t 1180 20
m 23 13
1 19 0
2 22 13
3 22 1
t 1179 20
m 22 13
1 18 0
2 23 13
3 21 1
t 1178 20
m 23 13
1 18 1
2 23 12
3 20 1
t 1177 20
m 23 12
1 18 2
2 23 13
3 21 1
t 1176 20
m 23 13
1 18 1
2 23 12
3 22 1
t 1175 20
m 23 12
1 18 0
2 23 11
3 23 1
t 1174 20
m 23 11
1 19 0
2 23 10
3 24 1
t 1173 20
m 23 10
1 18 0
2 24 10
3 23 1
t 1172 20
m 24 10
1 19 0
2 25 10
3 22 1
t 1171 20
m 25 10
1 18 0
2 24 10
3 23 1
t 1170 20
m 24 10
1 19 0
2 23 10
3 22 1
t 1169 20
m 23 10
1 20 0
2 24 10
3 23 1
t 1168 20
m 24 10
1 20 1
2 23 10
3 24 1
t 1167 20
m 23 10
1 20 0
2 24 10
3 23 1
t 1166 20
m 24 10
1 19 0
2 25 10
3 22 1
t 1165 20
m 25 10
1 18 0
2 24 10
3 21 1
t 1164 20
m 24 10
1 18 1
2 23 10
3 20 1
t 1163 20
m 23 10
1 18 0
2 24 10
3 20 0
t 1162 20
m 24 10
1 19 0
2 25 10
3 19 0
t 1161 20
m 25 10
1 18 0
2 26 10
3 20 0
t 1160 20
m 26 10
1 19 0
2 26 11
3 19 0
t 1159 20
m 26 11
1 20 0
2 26 10
3 20 0
t 1158 20
m 26 10
1 20 1
2 26 11
3 19 0
t 1157 20
m 26 11
1 20 0
2 26 10
3 18 0
t 1156 20
m 26 10
1 20 1
2 27 10
3 18 1
t 1155 20
m 27 10
1 20 0
2 26 10
3 18 2
t 1154 20
m 26 10
1 19 0
2 26 9
3 18 3
t 1153 20
m 26 9
1 18 0
2 26 10
3 18 2
t 1152 20
m 26 10
1 19 0
2 27 10
3 18 1
t 1151 20
m 27 10
1 18 0
2 26 10
3 18 0
t 1150 20
m 26 10
1 18 1
2 27 10
3 18 1
t 1149 20
m 27 10
1 18 2
2 26 10
3 18 0
t 1148 20
m 26 10
1 18 3
2 25 10
3 19 0
t 1147 20
m 25 10
1 18 2
2 24 10
3 18 0
t 1146 20
m 24 10
1 18 1
2 25 10
3 18 1
t 1145 20
m 25 10
1 18 0
2 24 10
3 18 0
t 1144 20
m 24 10
1 18 1
2 23 10
3 18 1
t 1143 20
m 23 10
1 18 0
2 24 10
3 18 0
t 1142 20
m 24 10
1 19 0
2 23 10
3 18 1
t 1141 20
m 23 10
1 20 0
2 22 10
3 18 2
t 1140 20
m 22 10
1 19 0
2 23 10
3 18 1
t 1139 20
m 23 10
1 18 0
2 23 11
3 18 0
t 1138 20
m 23 11
1 19 0
2 23 12
3 18 1
t 1137 20
m 23 12
1 18 0
2 23 13
3 18 0
t 1136 20
m 23 13
1 19 0
2 22 13
3 18 1
t 1135 20
m 22 13
1 20 0
2 21 13
3 18 0
t 1134 20
m 21 13
1 19 0
2 22 13
3 18 1
t 1133 20
m 22 13
1 18 0
2 21 13
3 18 2
t 1132 20
m 21 13
1 19 0
2 20 13
3 18 1
t 1131 20
m 20 13
1 20 0
2 21 13
3 18 2
t 1130 21
m 21 13
1 20 1
2 20 13
3 18 3
t 1129 21
m 20 13
1 20 0
2 21 13
3 18 2
t 1128 21
m 21 13
1 19 0
2 20 13
3 18 1
t 1127 21
m 20 13
1 20 0
2 19 13
3 18 0
t 1126 21
m 19 13
1 20 1
2 18 13
3 19 0
t 1125 21
m 18 13
1 20 0
2 17 13
3 18 0
t 1124 22
m 17 13
1 20 1
2 18 13
3 18 1
t 1123 22
m 18 13
1 20 0
2 19 13
3 18 2
t 1122 22
m 19 13
1 19 0
2 19 14
3 18 3
t 1121 22
m 19 14
1 18 0
2 19 13
3 18 4
t 1120 22
m 19 13
1 19 0
2 19 14
3 17 4
t 1119 22
m 19 14
1 20 0
2 19 15
3 16 4
t 1118 22
m 19 15
1 20 1
2 19 14
3 17 4
t 1117 22
m 19 14
1 21 1
2 19 13
3 16 4
t 1116 22
m 19 13
1 22 1
2 19 14
3 17 4
t 1115 22
m 19 14
1 23 1
2 19 13
3 18 4
t 1114 22
m 19 13
1 22 1
2 18 13
3 18 3
t 1113 22
m 18 13
1 21 1
2 19 13
3 18 4
t 1112 22
m 19 13
1 20 1
2 18 13
3 17 4
t 1111 22
m 18 13
1 21 1
2 17 13
3 16 4
t 1110 22
m 17 13
1 22 1
2 18 13
3 17 4
t 1109 22
m 18 13
1 23 1
2 17 13
3 16 4
t 1108 22
m 17 13
1 24 1
2 18 13
3 16 3
t 1107 22
m 18 13
1 25 1
2 19 13
3 16 4
t 1106 22
m 19 13
1 24 1
2 19 14
3 17 4
t 1105 22
m 19 14
1 23 1
2 19 15
3 18 4
t 1104 22
m 19 15
1 22 1
2 19 14
3 18 3
t 1103 22
m 19 14
1 21 1
2 19 13
3 18 4
t 1102 22
m 19 13
1 20 1
2 18 13
3 18 3
t 1101 22
m 18 13
1 20 0
2 17 13
3 18 4
t 1100 22
m 17 13
1 19 0
2 16 13
3 18 3
t 1099 22
m 16 13
1 20 0
2 17 13
3 18 4
t 1098 22
m 17 13
1 19 0
2 16 13
3 18 3
t 1097 22
m 16 13
1 18 0
2 15 13
3 18 4
t 1096 22
m 15 13
1 19 0
2 16 13
3 17 4
t 1095 23
m 16 13
1 20 0
2 15 13
3 16 4
t 1094 23
m 15 13
1 19 0
2 16 13
3 17 4
t 1093 23
m 16 13
1 20 0
2 17 13
3 16 4
t 1092 23
m 17 13
1 20 1
2 18 13
3 16 3
t 1091 23
m 18 13
1 21 1
2 19 13
3 16 4
t 1090 23
m 19 13
1 22 1
2 18 13
3 17 4
t 1089 23
m 18 13
1 21 1
2 19 13
3 18 4
t 1088 23
m 19 13
1 22 1
2 19 14
3 18 3
t 1087 23
m 19 14
1 23 1
2 19 13
3 18 2
t 1086 23
m 19 13
1 22 1
2 18 13
3 18 3
t 1085 23
m 18 13
1 21 1
2 19 13
3 18 4
t 1084 23
m 19 13
1 20 1
2 19 14
3 17 4
t 1083 23
m 19 14
1 20 0
2 19 13
3 18 4
t 1082 23
m 19 13
1 20 1
2 20 13
3 18 3
t 1081 23
m 20 13
1 21 1
2 21 13
3 18 4
t 1080 23
m 21 13
1 20 1
2 22 13
3 17 4
t 1079 23
m 22 13
1 20 0
2 21 13
3 16 4
t 1078 23
m 21 13
1 20 1
2 20 13
3 17 4
t 1077 23
m 20 13
1 21 1
2 21 13
3 16 4
t 1076 23
m 21 13
1 20 1
2 22 13
3 16 3
t 1075 23
m 22 13
1 21 1
2 23 13
3 16 4
t 1074 23
m 23 13
1 22 1
2 23 12
3 16 3
t 1073 23
m 23 12
1 21 1
2 23 11
3 16 2
t 1072 23
m 23 11
1 22 1
2 23 10
3 16 1
t 1071 23
m 23 10
1 21 1
2 23 11
3 16 2
t 1070 23
m 23 11
1 22 1
2 23 10
3 16 3
t 1069 23
m 23 10
1 21 1
2 23 11
3 16 2
t 1068 23
m 23 11
1 20 1
2 23 12
3 16 1
t 1067 23
m 23 12
1 20 0
2 23 13
3 16 2
t 1066 23
m 23 13
1 19 0
2 23 12
3 16 1
t 1065 23
m 23 12
1 20 0
2 23 11
3 16 2
t 1064 23
m 23 11
1 19 0
2 23 12
3 16 1
t 1063 23
m 23 12
1 18 0
2 23 11
3 16 2
t 1062 23
m 23 11
1 19 0
2 23 12
3 16 1
t 1061 23
m 23 12
1 20 0
2 23 13
3 16 2
t 1060 23
m 23 13
1 19 0
2 22 13
3 16 3
t 1059 23
m 22 13
1 20 0
2 21 13
3 16 2
t 1058 23
m 21 13
1 19 0
2 22 13
3 16 3
t 1057 23
m 22 13
1 18 0
2 23 13
3 16 2
t 1056 23
m 23 13
1 19 0
2 23 12
3 16 1
t 1055 23
m 23 12
1 20 0
2 23 11
3 16 0
t 1054 23
m 23 11
1 20 1
2 23 12
3 15 0
t 1053 23
m 23 12
1 20 0
2 23 13
3 16 0
t 1052 23
m 23 13
1 20 1
2 22 13
3 16 1
t 1051 23
m 22 13
1 21 1
2 23 13
3 16 2
t 1050 23
m 23 13
1 20 1
2 22 13
3 16 1
t 1049 23
m 22 13
1 21 1
2 21 13
3 16 2
t 1048 23
m 21 13
1 22 1
2 20 13
3 16 3
t 1047 23
m 20 13
1 23 1
2 19 13
3 16 2
t 1046 23
m 19 13
1 22 1
2 19 14
3 16 1
t 1045 23
m 19 14
1 21 1
2 19 15
3 16 2
t 1044 23
m 19 15
1 22 1
2 19 14
3 16 3
t 1043 23
m 19 14
1 21 1
2 19 15
3 16 2
t 1042 23
m 19 15
1 20 1
2 19 14
3 16 3
t 1041 23
m 19 14
1 21 1
2 19 13
3 16 4
t 1040 23
m 19 13
1 20 1
2 20 13
3 17 4
t 1039 23
m 20 13
1 21 1
2 21 13
3 18 4
t 1038 23
m 21 13
1 20 1
2 20 13
3 18 3
t 1037 23
m 20 13
1 21 1
2 19 13
3 18 4
t 1036 23
m 19 13
1 20 1
2 19 14
3 18 3
t 1035 23
m 19 14
1 21 1
2 19 15
3 18 4
t 1034 23
m 19 15
1 22 1
2 19 14
3 18 3
t 1033 23
m 19 14
1 23 1
2 19 15
3 18 2
t 1032 23
m 19 15
1 22 1
2 19 16
3 18 1
t 1031 23
m 19 16
1 21 1
2 19 17
3 18 2
t 1030 23
m 19 17
1 22 1
2 18 17
3 18 3
t 1029 23
m 18 17
1 23 1
2 18 18
3 18 2
t 1028 24
m 18 18
1 24 1
2 18 19
3 18 1
t 1027 24
m 18 19
1 23 1
2 19 19
3 18 0
t 1026 24
m 19 19
1 22 1
2 20 19
3 18 1
t 1025 25
m 20 19
1 21 1
2 21 19
3 18 2
t 1024 26
m 21 19
1 22 1
2 22 19
3 18 3
t 1023 26
m 22 19
1 23 1
2 22 18
3 18 4
t 1022 26
m 22 18
1 24 1
2 22 17
3 18 3
t 1021 27
m 22 17
1 25 1
2 22 18
3 18 4
t 1020 27
m 22 18
1 26 1
2 22 19
3 17 4
t 1019 27
m 22 19
1 27 1
2 21 19
3 16 4
t 1018 27
m 21 19
1 26 1
2 22 19
3 16 3
t 1017 27
m 22 19
1 27 1
2 21 19
3 16 4
t 1016 27
m 21 19
1 28 1
2 22 19
3 16 3
t 1015 27
m 22 19
1 29 1
2 22 18
3 16 4
t 1014 27
m 22 18
1 28 1
2 22 17
3 16 3
t 1013 27
m 22 17
1 29 1
2 22 18
3 16 4
t 1012 27
m 22 18
1 29 0
2 22 17
3 17 4
t 1011 27
m 22 17
1 30 0
2 23 17
3 16 4
t 1010 27
m 23 17
1 29 0
2 24 17
3 16 3
t 1009 28
m 24 17
1 29 1
2 23 17
3 16 4
t 1008 28
m 23 17
1 29 0
2 22 17
3 17 4
t 1007 28
m 22 17
1 29 1
2 22 18
3 18 4
t 1006 28
m 22 18
1 28 1
2 22 19
3 17 4
t 1005 28
m 22 19
1 29 1
2 22 18
3 18 4
t 1004 28
m 22 18
1 28 1
2 22 19
3 18 3
t 1003 28
m 22 19
1 29 1
2 21 19
3 18 2
t 1002 28
m 21 19
1 29 2
2 22 19
3 18 3
t 1001 28
m 22 19
1 29 3
2 21 19
3 18 2
t 1000 28
m 21 19
1 29 2
2 22 19
3 18 1
t 999 28
m 22 19
1 29 3
2 22 18
3 18 2
t 998 28
m 22 18
1 29 2
2 22 19
3 18 1
t 997 28
m 22 19
1 29 1
2 22 18
3 18 2
t 996 28
m 22 18
1 29 2
2 22 19
3 18 3
t 995 28
m 22 19
1 29 1
2 22 18
3 18 2
t 994 28
m 22 18
1 29 2
2 22 19
3 18 3
t 993 28
m 22 19
1 29 1
2 21 19
3 18 2
t 992 28
m 21 19
1 28 1
2 22 19
3 18 3
t 991 28
m 22 19
1 27 1
2 21 19
3 18 4
t 990 28
m 21 19
1 28 1
2 22 19
3 18 3
t 989 28
m 22 19
1 27 1
2 21 19
3 18 2
t 988 28
m 21 19
1 26 1
2 20 19
3 18 1
t 987 28
m 20 19
1 27 1
2 21 19
3 18 2
t 986 28
m 21 19
1 28 1
2 20 19
3 18 3
t 985 28
m 20 19
1 29 1
2 21 19
3 18 2
t 984 28
m 21 19
1 29 2
2 22 19
3 18 1
t 983 28
m 22 19
1 29 1
2 21 19
3 18 0
t 982 28
m 21 19
1 29 0
2 22 19
3 19 0
t 981 28
m 22 19
1 30 0
2 22 18
3 18 0
t 980 28
m 22 18
1 29 0
2 22 19
3 18 1
t 979 28
m 22 19
1 30 0
2 21 19
3 18 0
t 978 28
m 21 19
1 29 0
2 20 19
3 18 1
t 977 28
m 20 19
1 29 1
2 19 19
3 18 0
t 976 28
m 19 19
1 29 0
2 20 19
3 19 0
t 975 28
m 20 19
1 30 0
2 19 19
3 20 0
t 974 28
m 19 19
1 31 0
2 18 19
3 20 1
t 973 28
m 18 19
1 32 0
2 18 18
3 21 1
t 972 28
m 18 18
1 33 0
2 18 17
3 20 1
t 971 28
m 18 17
1 34 0
2 19 17
3 20 0
t 970 28
m 19 17
1 34 1
2 20 17
3 20 1
t 969 28
m 20 17
1 34 0
2 21 17
3 20 0
t 968 29
m 21 17
1 33 0
2 20 17
3 19 0
t 967 29
m 20 17
1 32 0
2 19 17
3 18 0
t 966 29
m 19 17
1 31 0
2 20 17
3 19 0
t 965 29
m 20 17
1 30 0
2 21 17
3 20 0
t 964 29
m 21 17
1 31 0
2 20 17
3 19 0
t 963 29
m 20 17
1 30 0
2 19 17
3 18 0
t 962 29
m 19 17
1 29 0
2 18 17
3 19 0
t 961 29
m 18 17
1 29 1
2 19 17
3 18 0
t 960 29
m 19 17
1 29 0
2 20 17
3 19 0
t 959 29
m 20 17
1 29 1
2 19 17
3 20 0
t 958 29
m 19 17
1 28 1
2 20 17
3 19 0
t 957 29
m 20 17
1 27 1
2 21 17
3 18 0
t 956 29
m 21 17
1 28 1
2 22 17
3 19 0
t 955 29
m 22 17
1 29 1
2 23 17
3 18 0
t 954 29
m 23 17
1 29 0
2 24 17
3 18 1
t 953 29
m 24 17
1 29 1
2 25 17
3 18 0
t 952 29
m 25 17
1 29 0
2 24 17
3 18 1
t 951 30
m 24 17
1 29 1
2 25 17
3 18 2
t 950 30
m 25 17
1 29 2
2 25 18
3 18 1
t 949 30
m 25 18
1 29 3
2 25 19
3 18 2
t 948 30
m 25 19
1 29 2
2 25 18
3 18 3
t 947 30
m 25 18
1 29 3
2 25 19
3 18 2
t 946 30
m 25 19
1 29 2
2 25 18
3 18 3
t 945 30
m 25 18
1 29 3
2 25 17
3 18 4
t 944 30
m 25 17
1 28 3
2 24 17
3 17 4
t 943 30
m 24 17
1 28 4
2 23 17
3 16 4
t 942 30
m 23 17
1 28 3
2 22 17
3 17 4
t 941 30
m 22 17
1 29 3
2 22 18
3 16 4
t 940 30
m 22 18
1 29 2
2 22 19
3 16 3
t 939 30
m 22 19
1 29 1
2 21 19
3 16 4
t 938 30
m 21 19
1 28 1
2 22 19
3 16 3
t 937 30
m 22 19
1 27 1
2 21 19
3 16 4
t 936 30
m 21 19
1 28 1
2 22 19
3 16 3
t 935 30
m 22 19
1 27 1
2 22 18
3 16 2
t 934 30
m 22 18
1 28 1
2 22 17
3 16 1
t 933 30
m 22 17
1 29 1
2 22 18
3 16 0
t 932 30
m 22 18
1 28 1
2 22 17
3 15 0
t 931 30
m 22 17
1 29 1
2 21 17
3 14 0
t 930 30
m 21 17
1 29 2
2 22 17
3 15 0
t 929 30
m 22 17
1 29 1
2 22 16
3 16 0
t 928 30
m 22 16
1 29 0
2 22 15
3 16 1
t 927 31
m 22 15
1 29 1
2 23 15
3 16 2
t 926 31
m 23 15
1 29 0
2 22 15
3 16 1
t 925 31
m 22 15
1 30 0
2 22 16
3 16 0
t 924 31
m 22 16
1 29 0
2 22 15
3 16 1
t 923 31
m 22 15
1 29 1
2 22 16
3 16 0
t 922 31
m 22 16
1 29 0
2 22 17
3 16 1
t 921 31
m 22 17
1 30 0
2 22 18
3 16 2
t 920 31
m 22 18
1 29 0
2 22 17
3 16 1
t 919 31
m 22 17
1 30 0
2 23 17
3 16 2
t 918 31
m 23 17
1 29 0
2 24 17
3 16 1
t 917 31
m 24 17
1 29 1
2 23 17
3 16 0
t 916 31
m 23 17
1 29 0
2 24 17
3 16 1
t 915 31
m 24 17
1 30 0
2 25 17
3 16 0
t 914 31
m 25 17
1 29 0
2 24 17
3 16 1
t 913 31
m 24 17
1 30 0
2 23 17
3 16 2
t 912 31
m 23 17
1 31 0
2 24 17
3 16 1
t 911 31
m 24 17
1 30 0
2 23 17
3 16 0
t 910 31
m 23 17
1 29 0
2 24 17
3 16 1
t 909 31
m 24 17
1 30 0
2 25 17
3 16 2
t 908 31
m 25 17
1 29 0
2 24 17
3 16 1
t 907 31
m 24 17
1 29 1
2 25 17
3 16 0
t 906 31
m 25 17
1 29 0
2 25 18
3 15 0
t 905 31
m 25 18
1 30 0
2 25 17
3 16 0
t 904 31
m 25 17
1 31 0
2 25 18
3 15 0
t 903 31
m 25 18
1 32 0
2 25 17
3 14 0
t 902 31
m 25 17
1 31 0
2 24 17
3 14 1
t 901 31
m 24 17
1 30 0
2 23 17
3 13 1
t 900 31
m 23 17
1 29 0
2 22 17
3 14 1
t 899 31
m 22 17
1 30 0
2 23 17
3 14 0
t 898 31
m 23 17
1 31 0
2 24 17
3 15 0
t 897 31
m 24 17
1 30 0
2 25 17
3 16 0
t 896 31
m 25 17
1 29 0
2 24 17
3 16 1
t 895 31
m 24 17
1 29 1
2 23 17
3 16 2
t 894 31
m 23 17
1 29 0
2 22 17
3 16 3
t 893 31
m 22 17
1 29 1
2 22 16
3 16 2
t 892 31
m 22 16
1 29 2
2 22 15
3 16 3
t 891 31
m 22 15
1 29 1
2 23 15
3 16 2
t 890 31
m 23 15
1 28 1
2 22 15
3 16 3
t 889 31
m 22 15
1 29 1
2 22 16
3 16 2
t 888 31
m 22 16
1 29 0
2 22 17
3 16 1
t 887 31
m 22 17
1 29 1
2 21 17
3 16 2
t 886 31
m 21 17
1 29 0
2 20 17
3 16 3
t 885 31
m 20 17
1 30 0
2 19 17
3 16 4
t 884 31
m 19 17
1 29 0
2 19 16
3 17 4
t 883 31
m 19 16
1 30 0
2 19 15
3 18 4
t 882 31
m 19 15
1 31 0
2 19 14
3 18 3
t 881 31
m 19 14
1 32 0
2 19 13
3 18 4
t 880 31
m 19 13
1 33 0
2 18 13
3 17 4
t 879 31
m 18 13
1 32 0
2 19 13
3 16 4
t 878 31
m 19 13
1 31 0
2 20 13
3 16 3
t 877 31
m 20 13
1 32 0
2 19 13
3 16 4
t 876 31
m 19 13
1 31 0
2 19 14
3 17 4
t 875 31
m 19 14
1 30 0
2 19 15
3 16 4
t 874 31
m 19 15
1 29 0
2 19 16
3 17 4
t 873 31
m 19 16
1 30 0
2 19 15
3 16 4
t 872 31
m 19 15
1 31 0
2 19 14
3 17 4
t 871 31
m 19 14
1 32 0
2 19 15
3 16 4
t 870 31
m 19 15
1 33 0
2 19 16
3 16 3
t 869 31
m 19 16
1 32 0
2 19 17
3 16 2
t 868 31
m 19 17
1 31 0
2 19 16
3 16 3
t 867 31
m 19 16
1 30 0
2 19 17
3 16 4
t 866 31
m 19 17
1 31 0
2 19 16
3 17 4
t 865 31
m 19 16
1 30 0
2 19 17
3 16 4
t 864 31
m 19 17
1 31 0
2 18 17
3 16 3
t 863 31
m 18 17
1 30 0
2 18 18
3 16 2
t 862 31
m 18 18
1 31 0
2 18 19
3 16 3
t 861 31
m 18 19
1 32 0
2 19 19
3 16 4
t 860 31
m 19 19
1 33 0
2 18 19
3 17 4
t 859 31
m 18 19
1 32 0
2 19 19
3 18 4
t 858 31
m 19 19
1 33 0
2 18 19
3 18 3
t 857 31
m 18 19
1 32 0
2 17 19
3 18 4
t 856 31
m 17 19
1 31 0
2 16 19
3 18 3
t 855 32
m 16 19
1 32 0
2 15 19
3 18 4
t 854 32
m 15 19
1 31 0
2 16 19
3 17 4
t 853 32
m 16 19
1 32 0
2 15 19
3 18 4
t 852 32
m 15 19
1 33 0
2 16 19
3 18 3
t 851 32
m 16 19
1 34 0
2 17 19
3 18 4
t 850 32
m 17 19
1 33 0
2 16 19
3 17 4
t 849 32
m 16 19
1 34 0
2 17 19
3 16 4
t 848 32
m 17 19
1 33 0
2 18 19
3 17 4
t 847 32
m 18 19
1 32 0
2 18 18
3 18 4
t 846 32
m 18 18
1 33 0
2 18 17
3 17 4
t 845 32
m 18 17
1 34 0
2 19 17
3 16 4
t 844 32
m 19 17
1 33 0
2 18 17
3 17 4
t 843 32
m 18 17
1 34 0
2 19 17
3 18 4
t 842 32
m 19 17
1 34 1
2 18 17
3 18 3
t 841 32
m 18 17
1 34 0
2 19 17
3 18 4
t 840 32
m 19 17
1 34 1
2 19 16
3 18 3
t 839 32
m 19 16
1 34 2
2 19 17
3 18 2
t 838 32
m 19 17
1 34 1
2 18 17
3 18 3
t 837 32
m 18 17
1 34 0
2 18 18
3 18 2
t 836 32
m 18 18
1 34 1
2 18 17
3 18 1
t 835 32
m 18 17
1 34 2
2 19 17
3 18 2
t 834 32
m 19 17
1 34 3
2 20 17
3 18 3
t 833 32
m 20 17
1 34 4
2 19 17
3 18 4
t 832 32
m 19 17
1 34 5
2 20 17
3 18 3
t 831 32
m 20 17
1 34 4
2 21 17
3 18 4
t 830 32
m 21 17
1 34 5
2 20 17
3 17 4
t 829 32
m 20 17
1 34 6
2 19 17
3 16 4
t 828 32
m 19 17
1 34 7
2 18 17
3 17 4
t 827 32
m 18 17
1 33 7
2 18 18
3 16 4
t 826 32
m 18 18
1 34 7
2 18 17
3 16 3
t 825 32
m 18 17
1 34 6
2 18 18
3 16 4
t 824 32
m 18 18
1 34 5
2 18 17
3 16 3
t 823 32
m 18 17
1 34 4
2 19 17
3 16 4
t 822 32
m 19 17
1 34 3
2 19 16
3 16 3
t 821 32
m 19 16
1 34 4
2 19 15
3 16 2
t 820 32
m 19 15
1 34 5
2 19 16
3 16 3
t 819 32
m 19 16
1 34 6
2 19 17
3 16 2
t 818 32
m 19 17
1 34 5
2 19 16
3 16 3
t 817 32
m 19 16
1 34 4
2 19 17
3 16 4
t 816 32
m 19 17
1 34 3
2 20 17
3 17 4
t 815 32
m 20 17
1 34 2
2 21 17
3 18 4
t 814 32
m 21 17
1 34 3
2 20 17
3 18 3
t 813 32
m 20 17
1 34 2
2 21 17
3 18 4
t 812 32
m 21 17
1 34 1
2 22 17
3 18 3
t 811 32
m 22 17
1 34 2
2 23 17
3 18 4
t 810 32
m 23 17
1 34 1
2 22 17
3 18 3
t 809 32
m 22 17
1 34 2
2 22 16
3 18 4
t 808 32
m 22 16
1 34 3
2 22 15
3 18 3
t 807 32
m 22 15
1 34 2
2 23 15
3 18 4
t 806 32
m 23 15
1 34 1
2 24 15
3 17 4
t 805 32
m 24 15
1 34 0
2 25 15
3 16 4
t 804 32
m 25 15
1 33 0
2 24 15
3 16 3
t 803 33
m 24 15
1 32 0
2 23 15
3 16 4
t 802 33
m 23 15
1 33 0
2 24 15
3 16 3
t 801 33
m 24 15
1 34 0
2 25 15
3 16 4
t 800 33
m 25 15
1 33 0
2 24 15
3 16 3
t 799 33
m 24 15
1 34 0
2 23 15
3 16 4
t 798 33
m 23 15
1 33 0
2 22 15
3 16 3
t 797 33
m 22 15
1 32 0
2 23 15
3 16 2
t 796 33
m 23 15
1 33 0
2 24 15
3 16 1
t 795 33
m 24 15
1 34 0
2 23 15
3 16 2
t 794 33
m 23 15
1 34 1
2 24 15
3 16 1
t 793 33
m 24 15
1 34 0
2 25 15
3 16 0
t 792 33
m 25 15
1 34 1
2 26 15
3 15 0
t 791 33
m 26 15
1 34 0
2 25 15
3 16 0
t 790 33
m 25 15
1 34 1
2 26 15
3 16 1
t 789 33
m 26 15
1 34 0
2 25 15
3 16 2
t 788 33
m 25 15
1 33 0
2 24 15
3 16 1
t 787 33
m 24 15
1 32 0
2 23 15
3 16 2
t 786 33
m 23 15
1 31 0
2 24 15
3 16 3
t 785 33
m 24 15
1 30 0
2 25 15
3 16 2
t 784 33
m 25 15
1 29 0
2 26 15
3 16 1
t 783 33
m 26 15
1 30 0
2 26 14
3 16 2
t 782 33
m 26 14
1 31 0
2 26 15
3 16 1
t 781 34
m 26 15
1 32 0
2 26 14
3 16 0
t 780 34
m 26 14
1 33 0
2 26 13
3 15 0
t 779 34
m 26 13
1 32 0
2 26 14
3 14 0
t 778 34
m 26 14
1 33 0
2 26 15
3 14 1
t 777 34
m 26 15
1 32 0
2 26 14
3 13 1
t 776 34
m 26 14
1 31 0
2 26 13
3 14 1
t 775 34
m 26 13
1 32 0
2 26 14
3 13 1
t 774 34
m 26 14
1 33 0
2 26 13
3 12 1
t 773 34
m 26 13
1 32 0
2 26 14
3 11 1
t 772 34
m 26 14
1 31 0
2 26 13
3 12 1
t 771 34
m 26 13
1 32 0
2 26 14
3 11 1
t 770 34
m 26 14
1 31 0
2 26 13
3 10 1
t 769 34
m 26 13
1 30 0
2 26 12
3 11 1
t 768 34
m 26 12
1 29 0
2 26 11
3 10 1
t 767 34
m 26 11
1 29 1
2 26 12
3 11 1
t 766 34
m 26 12
1 29 0
2 26 13
3 10 1
t 765 34
m 26 13
1 29 1
2 26 14
3 9 1
t 764 34
m 26 14
1 28 1
2 26 15
3 10 1
t 763 34
m 26 15
1 27 1
2 25 15
3 11 1
t 762 34
m 25 15
1 28 1
2 26 15
3 12 1
t 761 34
m 26 15
1 29 1
2 25 15
3 11 1
t 760 34
m 25 15
1 29 0
2 24 15
3 10 1
t 759 34
m 24 15
1 30 0
2 25 15
3 11 1
t 758 34
m 25 15
1 29 0
2 26 15
3 12 1
t 757 34
m 26 15
1 29 1
2 25 15
3 13 1
t 756 34
m 25 15
1 29 0
2 26 15
3 14 1
t 755 34
m 26 15
1 30 0
2 26 14
3 14 0
t 754 34
m 26 14
1 31 0
2 26 13
3 14 1
t 753 34
m 26 13
1 32 0
2 26 14
3 14 0
t 752 34
m 26 14
1 31 0
2 26 15
3 15 0
t 751 34
m 26 15
1 32 0
2 25 15
3 14 0
t 750 34
m 25 15
1 33 0
2 26 15
3 15 0
t 749 34
m 26 15
1 32 0
2 26 14
3 14 0
t 748 34
m 26 14
1 33 0
2 26 13
3 14 1
t 747 34
m 26 13
1 34 0
2 26 14
3 14 0
t 746 34
m 26 14
1 34 1
2 26 15
3 15 0
t 745 34
m 26 15
1 34 0
2 26 14
3 16 0
t 744 34
m 26 14
1 34 1
2 26 15
3 16 1
t 743 34
m 26 15
1 34 0
2 26 14
3 16 2
t 742 34
m 26 14
1 34 1
2 26 13
3 16 1
t 741 34
m 26 13
1 34 0
2 26 14
3 16 0
t 740 34
m 26 14
1 33 0
2 26 13
3 16 1
t 739 34
m 26 13
1 32 0
2 26 12
3 16 0
t 738 34
m 26 12
1 31 0
2 26 11
3 15 0
t 737 34
m 26 11
1 30 0
2 26 12
3 14 0
t 736 34
m 26 12
1 29 0
2 26 11
3 14 1
t 735 34
m 26 11
1 29 1
2 26 12
3 14 0
t 734 34
m 26 12
1 29 2
2 26 11
3 14 1
t 733 34
m 26 11
1 29 1
2 26 12
3 13 1
t 732 34
m 26 12
1 29 2
2 26 13
3 14 1
t 731 34
m 26 13
1 29 1
2 26 14
3 14 0
t 730 34
m 26 14
1 28 1
2 26 13
3 14 1
t 729 34
m 26 13
1 27 1
2 26 14
3 14 0
t 728 34
m 26 14
1 28 1
2 26 13
3 15 0
t 727 34
m 26 13
1 29 1
2 26 14
3 14 0
t 726 34
m 26 14
1 28 1
2 26 13
3 14 1
t 725 34
m 26 13
1 27 1
2 26 14
3 14 0
t 724 34
m 26 14
1 26 1
2 26 15
3 15 0
t 723 34
m 26 15
1 25 1
2 26 14
3 16 0
t 722 34
m 26 14
1 24 1
2 26 13
3 16 1
t 721 34
m 26 13
1 23 1
2 26 14
3 16 2
t 720 34
m 26 14
1 22 1
2 26 13
3 16 3
t 719 34
m 26 13
1 21 1
2 26 14
3 16 4
t 718 34
m 26 14
1 22 1
2 26 15
3 17 4
t 717 34
m 26 15
1 21 1
2 25 15
3 16 4
t 716 34
m 25 15
1 22 1
2 24 15
3 17 4
t 715 34
m 24 15
1 23 1
2 25 15
3 16 4
t 714 34
m 25 15
1 22 1
2 26 15
3 16 3
t 713 34
m 26 15
1 21 1
2 25 15
3 16 2
t 712 34
m 25 15
1 22 1
2 24 15
3 16 3
t 711 34
m 24 15
1 21 1
2 25 15
3 16 4
t 710 34
m 25 15
1 20 1
2 26 15
3 16 3
t 709 34
m 26 15
1 21 1
2 25 15
3 16 4
t 708 34
m 25 15
1 20 1
2 26 15
3 17 4
t 707 34
m 26 15
1 21 1
2 25 15
3 16 4
t 706 34
m 25 15
1 20 1
2 26 15
3 16 3
t 705 34
m 26 15
1 21 1
2 25 15
3 16 4
t 704 34
m 25 15
1 20 1
2 26 15
3 17 4
t 703 34
m 26 15
1 21 1
2 25 15
3 16 4
t 702 34
m 25 15
1 22 1
2 26 15
3 16 3
t 701 34
m 26 15
1 23 1
2 26 14
3 16 2
t 700 34
m 26 14
1 22 1
2 26 15
3 16 3
t 699 34
m 26 15
1 23 1
2 25 15
3 16 4
t 698 34
m 25 15
1 22 1
2 24 15
3 16 3
t 697 34
m 24 15
1 21 1
2 25 15
3 16 4
t 696 34
m 25 15
1 20 1
2 26 15
3 16 3
t 695 34
m 26 15
1 20 0
2 25 15
3 16 4
t 694 34
m 25 15
1 20 1
2 26 15
3 17 4
t 693 34
m 26 15
1 21 1
2 25 15
3 16 4
t 692 34
m 25 15
1 20 1
2 24 15
3 16 3
t 691 34
m 24 15
1 20 0
2 23 15
3 16 4
t 690 34
m 23 15
1 20 1
2 22 15
3 16 3
t 689 34
m 22 15
1 20 0
2 22 16
3 16 4
t 688 34
m 22 16
1 20 1
2 22 15
3 16 3
t 687 34
m 22 15
1 21 1
2 23 15
3 16 2
t 686 34
m 23 15
1 22 1
2 24 15
3 16 3
t 685 34
m 24 15
1 23 1
2 25 15
3 16 4
t 684 34
m 25 15
1 22 1
2 26 15
3 17 4
t 683 34
m 26 15
1 21 1
2 25 15
3 18 4
t 682 34
m 25 15
1 20 1
2 26 15
3 18 3
t 681 34
m 26 15
1 21 1
2 26 14
3 18 4
t 680 34
m 26 14
1 22 1
2 26 15
3 18 3
t 679 34
m 26 15
1 21 1
2 26 14
3 18 2
t 678 34
m 26 14
1 22 1
2 26 15
3 18 1
t 677 34
m 26 15
1 23 1
2 25 15
3 18 2
t 676 34
m 25 15
1 22 1
2 24 15
3 18 1
t 675 34
m 24 15
1 23 1
2 25 15
3 18 2
t 674 34
m 25 15
1 24 1
2 24 15
3 18 3
t 673 34
m 24 15
1 25 1
2 23 15
3 18 2
t 672 34
m 23 15
1 26 1
2 22 15
3 18 1
t 671 34
m 22 15
1 25 1
2 23 15
3 18 0
t 670 34
m 23 15
1 24 1
2 24 15
3 19 0
t 669 34
m 24 15
1 25 1
2 23 15
3 18 0
t 668 34
m 23 15
1 24 1
2 22 15
3 19 0
t 667 34
m 22 15
1 23 1
2 22 16
3 20 0
t 666 34
m 22 16
1 22 1
2 22 15
3 19 0
t 665 34
m 22 15
1 21 1
2 23 15
3 18 0
t 664 34
m 23 15
1 22 1
2 22 15
3 18 1
t 663 34
m 22 15
1 21 1
2 23 15
3 18 0
t 662 34
m 23 15
1 22 1
2 22 15
3 19 0
t 661 34
m 22 15
1 23 1
2 22 16
3 18 0
t 660 34
m 22 16
1 24 1
2 22 15
3 19 0
t 659 34
m 22 15
1 25 1
2 23 15
3 18 0
t 658 34
m 23 15
1 24 1
2 22 15
3 18 1
t 657 34
m 22 15
1 25 1
2 23 15
3 18 2
t 656 34
m 23 15
1 26 1
2 24 15
3 18 3
t 655 34
m 24 15
1 27 1
2 23 15
3 18 4
t 654 34
m 23 15
1 26 1
2 24 15
3 17 4
t 653 34
m 24 15
1 25 1
2 23 15
3 18 4
t 652 34
m 23 15
1 24 1
2 24 15
3 17 4
t 651 34
m 24 15
1 23 1
2 25 15
3 18 4
t 650 34
m 25 15
1 22 1
2 24 15
3 17 4
t 649 34
m 24 15
1 23 1
2 25 15
3 16 4
t 648 34
m 25 15
1 22 1
2 24 15
3 17 4
t 647 34
m 24 15
1 23 1
2 23 15
3 16 4
t 646 34
m 23 15
1 22 1
2 22 15
3 16 3
t 645 34
m 22 15
1 23 1
2 23 15
3 16 4
t 644 34
m 23 15
1 24 1
2 24 15
3 17 4
t 643 34
m 24 15
1 23 1
2 23 15
3 18 4
t 642 34
m 23 15
1 24 1
2 24 15
3 18 3
t 641 34
m 24 15
1 23 1
2 23 15
3 18 2
t 640 34
m 23 15
1 22 1
2 24 15
3 18 3
t 639 34
m 24 15
1 21 1
2 25 15
3 18 4
t 638 34
m 25 15
1 20 1
2 24 15
3 17 4
t 637 34
m 24 15
1 20 0
2 25 15
3 18 4
t 636 34
m 25 15
1 19 0
2 26 15
3 17 4
t 635 34
m 26 15
1 18 0
2 25 15
3 18 4
t 634 34
m 25 15
1 19 0
2 26 15
3 17 4
t 633 34
m 26 15
1 18 0
2 25 15
3 16 4
t 632 34
m 25 15
1 19 0
2 26 15
3 17 4
t 631 34
m 26 15
1 18 0
2 26 14
3 16 4
t 630 34
m 26 14
1 19 0
2 26 13
3 16 3
t 629 34
m 26 13
1 18 0
2 26 14
3 16 4
t 628 34
m 26 14
1 18 1
2 26 13
3 16 3
t 627 34
m 26 13
1 18 2
2 26 12
3 16 2
t 626 34
m 26 12
1 18 3
2 26 13
3 16 3
t 625 34
m 26 13
1 18 2
2 26 12
3 16 2
t 624 34
m 26 12
1 18 3
2 26 11
3 16 1
t 623 34
m 26 11
1 18 4
2 26 12
3 16 2
t 622 34
m 26 12
1 17 4
2 26 13
3 16 1
t 621 34
m 26 13
1 18 4
2 26 14
3 16 0
t 620 34
m 26 14
1 17 4
2 26 15
3 15 0
t 619 34
m 26 15
1 18 4
2 25 15
3 14 0
t 618 34
m 25 15
1 18 3
2 26 15
3 15 0
t 617 34
m 26 15
1 18 4
2 26 14
3 16 0
t 616 34
m 26 14
1 18 3
2 26 13
3 16 1
t 615 34
m 26 13
1 18 4
2 26 14
3 16 0
t 614 34
m 26 14
1 17 4
2 26 13
3 15 0
t 613 34
m 26 13
1 18 4
2 26 12
3 16 0
t 612 34
m 26 12
1 17 4
2 26 11
3 16 1
t 611 34
m 26 11
1 16 4
2 26 10
3 16 0
t 610 34
m 26 10
1 16 3
2 26 11
3 16 1
t 609 34
m 26 11
1 16 4
2 26 10
3 16 0
t 608 34
m 26 10
1 16 3
2 25 10
3 15 0
t 607 34
m 25 10
1 16 4
2 24 10
3 14 0
t 606 34
m 24 10
1 16 3
2 23 10
3 14 1
t 605 34
m 23 10
1 16 4
2 22 10
3 13 1
t 604 34
m 22 10
1 17 4
2 21 10
3 12 1
t 603 34
m 21 10
1 16 4
2 20 10
3 11 1
t 602 34
m 20 10
1 17 4
2 21 10
3 10 1
t 601 34
m 21 10
1 16 4
2 20 10
3 11 1
t 600 34
m 20 10
1 16 3
2 21 10
3 10 1
t 599 34
m 21 10
1 16 4
2 22 10
3 9 1
t 598 34
m 22 10
1 17 4
2 23 10
3 10 1
t 597 34
m 23 10
1 18 4
2 23 11
3 11 1
t 596 34
m 23 11
1 17 4
2 23 12
3 12 1
t 595 34
m 23 12
1 16 4
2 23 13
3 11 1
t 594 34
m 23 13
1 17 4
2 23 12
3 12 1
t 593 34
m 23 12
1 18 4
2 23 11
3 13 1
t 592 34
m 23 11
1 18 3
2 23 12
3 14 1
t 591 34
m 23 12
1 18 2
2 23 13
3 13 1
t 590 34
m 23 13
1 18 1
2 23 12
3 12 1
t 589 34
m 23 12
1 18 0
2 23 13
3 13 1
t 588 34
m 23 13
1 19 0
2 23 12
3 12 1
t 587 34
m 23 12
1 18 0
2 23 13
3 13 1
t 586 34
m 23 13
1 18 1
2 23 12
3 14 1
t 585 34
m 23 12
1 18 2
2 23 11
3 13 1
t 584 34
m 23 11
1 18 3
2 23 10
3 14 1
t 583 34
m 23 10
1 18 2
2 24 10
3 14 0
t 582 34
m 24 10
1 18 3
2 25 10
3 14 1
t 581 34
m 25 10
1 18 4
2 26 10
3 14 0
t 580 34
m 26 10
1 17 4
2 27 10
3 15 0
t 579 34
m 27 10
1 16 4
2 26 10
3 16 0
t 578 34
m 26 10
1 17 4
2 27 10
3 16 1
t 577 34
m 27 10
1 18 4
2 26 10
3 16 0
t 576 34
m 26 10
1 18 3
2 25 10
3 15 0
t 575 34
m 25 10
1 18 2
2 24 10
3 14 0
t 574 34
m 24 10
1 18 3
2 23 10
3 15 0
t 573 34
m 23 10
1 18 4
2 22 10
3 16 0
t 572 34
m 22 10
1 17 4
2 22 9
3 16 1
t 571 34
m 22 9
1 18 4
2 22 10
3 16 0
t 570 34
m 22 10
1 17 4
2 22 9
3 16 1
t 569 34
m 22 9
1 18 4
2 22 10
3 16 0
t 568 34
m 22 10
1 18 3
2 23 10
3 16 1
t 567 34
m 23 10
1 18 4
2 24 10
3 16 0
t 566 34
m 24 10
1 17 4
2 25 10
3 16 1
t 565 34
m 25 10
1 16 4
2 26 10
3 16 2
t 564 34
m 26 10
1 17 4
2 26 9
3 16 1
t 563 34
m 26 9
1 18 4
2 26 10
3 16 2
t 562 34
m 26 10
1 17 4
2 25 10
3 16 1
t 561 34
m 25 10
1 16 4
2 24 10
3 16 2
t 560 34
m 24 10
1 17 4
2 25 10
3 16 3
t 559 34
m 25 10
1 16 4
2 26 10
3 16 2
t 558 34
m 26 10
1 17 4
2 26 9
3 16 3
t 557 34
m 26 9
1 18 4
2 26 10
3 16 2
t 556 34
m 26 10
1 17 4
2 26 11
3 16 1
t 555 34
m 26 11
1 18 4
2 26 10
3 16 0
t 554 34
m 26 10
1 18 3
2 26 11
3 15 0
t 553 34
m 26 11
1 18 4
2 26 12
3 16 0
t 552 34
m 26 12
1 18 3
2 26 11
3 15 0
t 551 34
m 26 11
1 18 2
2 26 10
3 16 0
t 550 34
m 26 10
1 18 1
2 26 11
3 16 1
t 549 34
m 26 11
1 18 0
2 26 10
3 16 2
t 548 34
m 26 10
1 19 0
2 26 11
3 16 1
t 547 34
m 26 11
1 20 0
2 26 10
3 16 2
t 546 34
m 26 10
1 20 1
2 26 9
3 16 3
t 545 34
m 26 9
1 20 0
2 26 10
3 16 2
t 544 34
m 26 10
1 20 1
2 25 10
3 16 3
t 543 34
m 25 10
1 21 1
2 26 10
3 16 4
t 542 34
m 26 10
1 20 1
2 26 9
3 16 3
t 541 34
m 26 9
1 20 0
2 26 10
3 16 4
t 540 34
m 26 10
1 19 0
2 25 10
3 16 3
t 539 34
m 25 10
1 20 0
2 26 10
3 16 2
t 538 34
m 26 10
1 19 0
2 26 11
3 16 1
t 537 34
m 26 11
1 20 0
2 26 12
3 16 0
t 536 34
m 26 12
1 20 1
2 26 13
3 15 0
t 535 34
m 26 13
1 21 1
2 26 12
3 16 0
t 534 34
m 26 12
1 20 1
2 26 11
3 15 0
t 533 34
m 26 11
1 21 1
2 26 12
3 16 0
t 532 34
m 26 12
1 20 1
2 26 11
3 16 1
t 531 34
m 26 11
1 20 0
2 26 10
3 16 2
t 530 34
m 26 10
1 19 0
2 26 9
3 16 3
t 529 34
m 26 9
1 18 0
2 26 8
3 16 2
t 528 34
m 26 8
1 19 0
2 26 7
3 16 1
t 527 34
m 26 7
1 18 0
2 27 7
3 16 2
t 526 35
m 27 7
1 19 0
2 26 7
3 16 1
t 525 36
m 26 7
1 18 0
2 27 7
3 16 2
t 524 36
m 27 7
1 19 0
2 28 7
3 16 3
t 523 36
m 28 7
1 18 0
2 28 6
3 16 4
t 522 36
m 28 6
1 19 0
2 28 5
3 16 3
t 521 36
m 28 5
1 20 0
2 28 6
3 16 4
t 520 36
m 28 6
1 20 1
2 28 7
3 16 3
t 519 36
m 28 7
1 20 0
2 28 6
3 16 2
t 518 36
m 28 6
1 20 1
2 28 5
3 16 3
t 517 36
m 28 5
1 20 0
2 28 4
3 16 2
t 516 36
m 28 4
1 20 1
2 28 5
3 16 1
t 515 36
m 28 5
1 21 1
2 28 4
3 16 0
t 514 36
m 28 4
1 20 1
2 28 5
3 15 0
t 513 36
m 28 5
1 21 1
2 28 4
3 16 0
t 512 36
m 28 4
1 20 1
2 28 5
3 15 0
t 511 36
m 28 5
1 21 1
2 28 6
3 16 0
t 510 36
m 28 6
1 20 1
2 28 7
3 16 1
t 509 36
m 28 7
1 20 0
2 28 6
3 16 2
t 508 36
m 28 6
1 20 1
2 28 5
3 16 3
t 507 36
m 28 5
1 20 0
2 28 4
3 16 4
t 506 36
m 28 4
1 20 1
2 28 3
3 16 3
t 505 36
m 28 3
1 20 0
2 28 4
3 16 4
t 504 36
m 28 4
1 19 0
2 28 5
3 17 4
t 503 36
m 28 5
1 18 0
2 28 4
3 18 4
t 502 36
m 28 4
1 18 1
2 28 5
3 17 4
t 501 36
m 28 5
1 18 2
2 28 4
3 16 4
t 500 36
m 28 4
1 18 1
2 28 5
3 17 4
t 499 36
m 28 5
1 18 2
2 28 6
3 16 4
t 498 36
m 28 6
1 18 1
2 28 5
3 16 3
t 497 36
m 28 5
1 18 2
2 28 4
3 16 4
t 496 36
m 28 4
1 18 3
2 28 5
3 17 4
t 495 36
m 28 5
1 18 4
2 28 4
3 18 4
t 494 36
m 28 4
1 17 4
2 28 5
3 18 3
t 493 36
m 28 5
1 18 4
2 28 4
3 18 2
t 492 36
m 28 4
1 17 4
2 28 5
3 18 3
t 491 36
m 28 5
1 18 4
2 28 4
3 18 2
t 490 36
m 28 4
1 17 4
2 28 3
3 18 1
t 489 36
m 28 3
1 16 4
2 28 4
3 18 0
t 488 36
m 28 4
1 17 4
2 28 3
3 19 0
t 487 36
m 28 3
1 18 4
2 29 3
3 18 0
t 486 36
m 29 3
1 18 3
2 29 2
3 18 1
t 485 36
m 29 2
1 18 4
2 29 1
3 18 0
t 484 36
m 29 1
1 18 3
2 28 1
3 18 1
t 483 36
m 28 1
1 18 2
2 27 1
3 18 0
t 482 36
m 27 1
1 18 1
2 28 1
3 19 0
t 481 36
m 28 1
1 18 0
2 27 1
3 18 0
t 480 36
m 27 1
1 19 0
2 28 1
3 19 0
t 479 36
m 28 1
1 20 0
2 29 1
3 20 0
t 478 36
m 29 1
1 19 0
2 28 1
3 20 1
t 477 36
m 28 1
1 20 0
2 27 1
3 20 0
t 476 36
m 27 1
1 20 1
2 26 1
3 19 0
t 475 36
m 26 1
1 20 0
2 27 1
3 18 0
t 474 36
m 27 1
1 19 0
2 26 1
3 18 1
t 473 36
m 26 1
1 20 0
2 27 1
3 18 2
t 472 36
m 27 1
1 19 0
2 26 1
3 18 3
t 471 36
m 26 1
1 18 0
2 27 1
3 18 2
t 470 36
m 27 1
1 18 1
2 28 1
3 18 3
t 469 36
m 28 1
1 18 0
2 29 1
3 18 4
t 468 36
m 29 1
1 19 0
2 29 2
3 17 4
t 467 36
m 29 2
1 18 0
2 29 3
3 18 4
t 466 36
m 29 3
1 19 0
2 28 3
3 17 4
t 465 36
m 28 3
1 20 0
2 29 3
3 16 4
t 464 36
m 29 3
1 20 1
2 28 3
3 16 3
t 463 36
m 28 3
1 20 0
2 29 3
3 16 4
t 462 36
m 29 3
1 19 0
2 28 3
3 16 3
t 461 36
m 28 3
1 18 0
2 28 4
3 16 2
t 460 36
m 28 4
1 19 0
2 28 3
3 16 3
t 459 36
m 28 3
1 20 0
2 29 3
3 16 2
t 458 36
m 29 3
1 20 1
2 28 3
3 16 1
t 457 36
m 28 3
1 20 0
2 29 3
3 16 0
t 456 36
m 29 3
1 20 1
2 28 3
3 16 1
t 455 36
m 28 3
1 20 0
2 27 3
3 16 0
t 454 36
m 27 3
1 19 0
2 26 3
3 16 1
t 453 37
m 26 3
1 20 0
2 27 3
3 16 0
t 452 37
m 27 3
1 20 1
2 26 3
3 15 0
t 451 37
m 26 3
1 21 1
2 26 4
3 16 0
t 450 37
m 26 4
1 22 1
2 26 3
3 15 0
t 449 38
m 26 3
1 21 1
2 26 4
3 16 0
t 448 38
m 26 4
1 22 1
2 26 5
3 15 0
t 447 38
m 26 5
1 21 1
2 26 6
3 16 0
t 446 38
m 26 6
1 22 1
2 26 7
3 15 0
t 445 38
m 26 7
1 21 1
2 26 6
3 16 0
t 444 38
m 26 6
1 22 1
2 26 5
3 16 1
t 443 38
m 26 5
1 21 1
2 26 6
3 16 2
t 442 38
m 26 6
1 22 1
2 26 7
3 16 1
t 441 38
m 26 7
1 21 1
2 27 7
3 16 0
t 440 38
m 27 7
1 22 1
2 28 7
3 16 1
t 439 38
m 28 7
1 21 1
2 27 7
3 16 2
t 438 38
m 27 7
1 20 1
2 28 7
3 16 3
t 437 38
m 28 7
1 21 1
2 27 7
3 16 4
t 436 38
m 27 7
1 22 1
2 26 7
3 17 4
t 435 38
m 26 7
1 21 1
2 26 6
3 18 4
t 434 38
m 26 6
1 22 1
2 26 5
3 17 4
t 433 38
m 26 5
1 21 1
2 26 6
3 18 4
t 432 38
m 26 6
1 20 1
2 26 7
3 17 4
t 431 38
m 26 7
1 21 1
2 26 6
3 18 4
t 430 38
m 26 6
1 22 1
2 26 5
3 17 4
t 429 38
m 26 5
1 23 1
2 26 6
3 18 4
t 428 38
m 26 6
1 22 1
2 26 7
3 17 4
t 427 38
m 26 7
1 23 1
2 26 8
3 16 4
t 426 38
m 26 8
1 24 1
2 26 9
3 17 4
t 425 38
m 26 9
1 25 1
2 26 8
3 18 4
t 424 38
m 26 8
1 24 1
2 26 7
3 17 4
t 423 38
m 26 7
1 23 1
2 26 8
3 18 4
t 422 38
m 26 8
1 22 1
2 26 9
3 17 4
t 421 38
m 26 9
1 23 1
2 26 8
3 18 4
t 420 38
m 26 8
1 22 1
2 26 7
3 18 3
t 419 38
m 26 7
1 21 1
2 27 7
3 18 2
t 418 38
m 27 7
1 22 1
2 26 7
3 18 1
t 417 38
m 26 7
1 23 1
2 27 7
3 18 2
t 416 38
m 27 7
1 22 1
2 28 7
3 18 3
t 415 38
m 28 7
1 21 1
2 27 7
3 18 2
t 414 38
m 27 7
1 22 1
2 28 7
3 18 1
t 413 38
m 28 7
1 21 1
2 27 7
3 18 2
t 412 38
m 27 7
1 20 1
2 26 7
3 18 1
t 411 38
m 26 7
1 20 0
2 27 7
3 18 2
t 410 38
m 27 7
1 19 0
2 26 7
3 18 3
t 409 38
m 26 7
1 18 0
2 26 6
3 18 2
t 408 38
m 26 6
1 19 0
2 26 5
3 18 1
t 407 38
m 26 5
1 20 0
2 26 4
3 18 0
t 406 38
m 26 4
1 20 1
2 26 3
3 19 0
t 405 38
m 26 3
1 20 0
2 27 3
3 20 0
t 404 38
m 27 3
1 20 1
2 28 3
3 19 0
t 403 38
m 28 3
1 20 0
2 28 4
3 18 0
t 402 38
m 28 4
1 19 0
2 28 5
3 18 1
t 401 38
m 28 5
1 20 0
2 28 4
3 18 2
t 400 38
m 28 4
1 19 0
2 28 3
3 18 1
t 399 38
m 28 3
1 18 0
2 28 4
3 18 0
t 398 38
m 28 4
1 18 1
2 28 5
3 19 0
t 397 38
m 28 5
1 18 2
2 28 4
3 18 0
t 396 38
m 28 4
1 18 1
2 28 5
3 19 0
t 395 38
m 28 5
1 18 2
2 28 6
3 18 0
t 394 38
m 28 6
1 18 3
2 28 7
3 18 1
t 393 38
m 28 7
1 18 2
2 27 7
3 18 2
t 392 38
m 27 7
1 18 1
2 26 7
3 18 3
t 391 38
m 26 7
1 18 2
2 26 6
3 18 2
t 390 38
m 26 6
1 18 3
2 26 7
3 18 1
t 389 38
m 26 7
1 18 2
2 26 6
3 18 2
t 388 38
m 26 6
1 18 3
2 26 5
3 18 1
t 387 38
m 26 5
1 18 2
2 26 6
3 18 0
t 386 38
m 26 6
1 18 3
2 26 5
3 18 1
t 385 38
m 26 5
1 18 4
2 26 4
3 18 0
t 384 38
m 26 4
1 17 4
2 26 3
3 19 0
t 383 38
m 26 3
1 18 4
2 26 4
3 18 0
t 382 38
m 26 4
1 18 3
2 26 5
3 18 1
t 381 38
m 26 5
1 18 2
2 26 6
3 18 2
t 380 38
m 26 6
1 18 1
2 26 5
3 18 1
t 379 38
m 26 5
1 18 0
2 26 4
3 18 2
t 378 38
m 26 4
1 19 0
2 26 3
3 18 3
t 377 38
m 26 3
1 18 0
2 27 3
3 18 2
t 376 38
m 27 3
1 18 1
2 26 3
3 18 1
t 375 38
m 26 3
1 18 0
2 26 4
3 18 2
t 374 38
m 26 4
1 19 0
2 26 5
3 18 3
t 373 38
m 26 5
1 18 0
2 26 6
3 18 4
t 372 38
m 26 6
1 18 1
2 26 7
3 17 4
t 371 38
m 26 7
1 18 2
2 27 7
3 16 4
t 370 38
m 27 7
1 18 3
2 28 7
3 17 4
t 369 38
m 28 7
1 18 4
2 28 6
3 16 4
t 368 38
m 28 6
1 17 4
2 28 5
3 16 3
t 367 38
m 28 5
1 16 4
2 28 6
3 16 4
t 366 38
m 28 6
1 17 4
2 28 5
3 16 3
t 365 38
m 28 5
1 18 4
2 28 4
3 16 2
t 364 38
m 28 4
1 17 4
2 28 3
3 16 1
t 363 38
m 28 3
1 16 4
2 28 4
3 16 0
t 362 38
m 28 4
1 17 4
2 28 5
3 16 1
t 361 38
m 28 5
1 16 4
2 28 6
3 16 0
t 360 38
m 28 6
1 16 3
2 28 7
3 16 1
t 359 38
m 28 7
1 16 4
2 28 6
3 16 0
t 358 38
m 28 6
1 17 4
2 28 5
3 15 0
t 357 38
m 28 5
1 16 4
2 28 6
3 14 0
t 356 38
m 28 6
1 16 3
2 28 7
3 14 1
t 355 38
m 28 7
1 16 4
2 27 7
3 14 0
t 354 38
m 27 7
1 16 3
2 28 7
3 14 1
t 353 38
m 28 7
1 16 2
2 28 6
3 13 1
t 352 38
m 28 6
1 16 1
2 28 7
3 12 1
t 351 38
m 28 7
1 16 0
2 27 7
3 11 1
t 350 38
m 27 7
1 16 1
2 28 7
3 12 1
t 349 38
m 28 7
1 16 2
2 27 7
3 13 1
t 348 38
m 27 7
1 16 3
2 26 7
3 12 1
t 347 38
m 26 7
1 16 4
2 26 8
3 13 1
t 346 38
m 26 8
1 17 4
2 26 9
3 12 1
t 345 38
m 26 9
1 16 4
2 26 8
3 13 1
t 344 38
m 26 8
1 16 3
2 26 9
3 14 1
t 343 38
m 26 9
1 16 4
2 26 10
3 13 1
t 342 38
m 26 10
1 16 3
2 25 10
3 14 1
t 341 38
m 25 10
1 16 2
2 24 10
3 13 1
t 340 38
m 24 10
1 16 3
2 25 10
3 12 1
t 339 38
m 25 10
1 16 4
2 24 10
3 13 1
t 338 38
m 24 10
1 16 3
2 25 10
3 14 1
t 337 38
m 25 10
1 16 4
2 26 10
3 13 1
t 336 38
m 26 10
1 17 4
2 25 10
3 14 1
t 335 38
m 25 10
1 18 4
2 26 10
3 14 0
t 334 38
m 26 10
1 17 4
2 26 11
3 14 1
t 333 38
m 26 11
1 18 4
2 26 12
3 13 1
t 332 38
m 26 12
1 18 3
2 26 13
3 14 1
t 331 38
m 26 13
1 18 2
2 26 14
3 14 0
t 330 38
m 26 14
1 18 1
2 26 13
3 15 0
t 329 38
m 26 13
1 18 2
2 26 14
3 16 0
t 328 38
m 26 14
1 18 1
2 26 13
3 16 1
t 327 38
m 26 13
1 18 2
2 26 14
3 16 0
t 326 38
m 26 14
1 18 1
2 26 13
3 15 0
t 325 38
m 26 13
1 18 0
2 26 14
3 14 0
t 324 38
m 26 14
1 19 0
2 26 13
3 14 1
t 323 38
m 26 13
1 20 0
2 26 12
3 14 0
t 322 38
m 26 12
1 19 0
2 26 11
3 15 0
t 321 38
m 26 11
1 20 0
2 26 10
3 16 0
t 320 38
m 26 10
1 20 1
2 27 10
3 15 0
t 319 38
m 27 10
1 21 1
2 28 10
3 14 0
t 318 38
m 28 10
1 22 1
2 29 10
3 15 0
t 317 38
m 29 10
1 21 1
2 30 10
3 16 0
t 316 38
m 30 10
1 20 1
2 31 10
3 16 1
t 315 39
m 31 10
1 21 1
2 30 10
3 16 0
t 314 39
m 30 10
1 22 1
2 29 10
3 16 1
t 313 39
m 29 10
1 21 1
2 28 10
3 16 2
t 312 39
m 28 10
1 22 1
2 27 10
3 16 3
t 311 39
m 27 10
1 21 1
2 26 10
3 16 2
t 310 39
m 26 10
1 22 1
2 26 11
3 16 3
t 309 39
m 26 11
1 23 1
2 26 10
3 16 2
t 308 39
m 26 10
1 24 1
2 25 10
3 16 1
t 307 39
m 25 10
1 25 1
2 26 10
3 16 0
t 306 39
m 26 10
1 24 1
2 26 11
3 16 1
t 305 39
m 26 11
1 25 1
2 26 12
3 16 2
t 304 39
m 26 12
1 26 1
2 26 11
3 16 1
t 303 39
m 26 11
1 25 1
2 26 10
3 16 0
t 302 39
m 26 10
1 24 1
2 25 10
3 16 1
t 301 39
m 25 10
1 25 1
2 26 10
3 16 0
t 300 39
m 26 10
1 24 1
2 25 10
3 15 0
t 299 39
m 25 10
1 25 1
2 24 10
3 16 0
t 298 39
m 24 10
1 26 1
2 25 10
3 15 0
t 297 39
m 25 10
1 25 1
2 26 10
3 16 0
t 296 39
m 26 10
1 24 1
2 25 10
3 15 0
t 295 39
m 25 10
1 25 1
2 26 10
3 14 0
t 294 39
m 26 10
1 24 1
2 26 11
3 15 0
t 293 39
m 26 11
1 23 1
2 26 12
3 16 0
t 292 39
m 26 12
1 24 1
2 26 13
3 16 1
t 291 39
m 26 13
1 25 1
2 26 14
3 16 0
t 290 39
m 26 14
1 24 1
2 26 15
3 15 0
t 289 39
m 26 15
1 23 1
2 26 14
3 16 0
t 288 39
m 26 14
1 22 1
2 26 13
3 16 1
t 287 39
m 26 13
1 23 1
2 26 12
3 16 2
t 286 39
m 26 12
1 22 1
2 26 13
3 16 3
t 285 39
m 26 13
1 23 1
2 26 12
3 16 2
t 284 39
m 26 12
1 22 1
2 26 11
3 16 3
t 283 39
m 26 11
1 21 1
2 26 10
3 16 2
t 282 39
m 26 10
1 22 1
2 26 9
3 16 1
t 281 39
m 26 9
1 23 1
2 26 10
3 16 0
t 280 39
m 26 10
1 22 1
2 25 10
3 15 0
t 279 39
m 25 10
1 23 1
2 26 10
3 16 0
t 278 39
m 26 10
1 24 1
2 27 10
3 16 1
t 277 39
m 27 10
1 25 1
2 28 10
3 16 0
t 276 39
m 28 10
1 26 1
2 29 10
3 15 0
t 275 39
m 29 10
1 25 1
2 28 10
3 16 0
t 274 39
m 28 10
1 26 1
2 29 10
3 16 1
t 273 39
m 29 10
1 25 1
2 30 10
3 16 2
t 272 39
m 30 10
1 26 1
2 29 10
3 16 1
t 271 39
m 29 10
1 25 1
2 28 10
3 16 2
t 270 39
m 28 10
1 26 1
2 27 10
3 16 3
t 269 39
m 27 10
1 25 1
2 26 10
3 16 4
t 268 39
m 26 10
1 26 1
2 25 10
3 16 3
t 267 39
m 25 10
1 25 1
2 24 10
3 16 4
t 266 39
m 24 10
1 24 1
2 25 10
3 17 4
t 265 39
m 25 10
1 25 1
2 26 10
3 16 4
t 264 39
m 26 10
1 26 1
2 27 10
3 16 3
t 263 39
m 27 10
1 27 1
2 26 10
3 16 4
t 262 39
m 26 10
1 26 1
2 27 10
3 17 4
t 261 39
m 27 10
1 25 1
2 28 10
3 16 4
t 260 39
m 28 10
1 24 1
2 29 10
3 16 3
t 259 39
m 29 10
1 23 1
2 30 10
3 16 2
t 258 39
m 30 10
1 24 1
2 31 10
3 16 1
t 257 39
m 31 10
1 25 1
2 30 10
3 16 2
t 256 39
m 30 10
1 26 1
2 31 10
3 16 1
t 255 39
m 31 10
1 27 1
2 32 10
3 16 0
t 254 39
m 32 10
1 28 1
2 32 11
3 16 1
t 253 39
m 32 11
1 27 1
2 32 12
3 16 0
t 252 39
m 32 12
1 26 1
2 32 13
3 16 1
t 251 40
m 32 13
1 27 1
2 32 12
3 16 0
t 250 40
m 32 12
1 28 1
2 32 13
3 16 1
t 249 40
m 32 13
1 29 1
2 32 12
3 16 2
t 248 40
m 32 12
1 28 1
2 32 11
3 16 1
t 247 40
m 32 11
1 27 1
2 32 12
3 16 0
t 246 40
m 32 12
1 28 1
2 32 11
3 15 0
t 245 40
m 32 11
1 27 1
2 32 10
3 16 0
t 244 40
m 32 10
1 26 1
2 32 9
3 16 1
t 243 40
m 32 9
1 25 1
2 32 8
3 16 2
t 242 41
m 32 8
1 26 1
2 32 9
3 16 3
t 241 42
m 32 9
1 27 1
2 32 10
3 16 2
t 240 42
m 32 10
1 28 1
2 31 10
3 16 1
t 239 42
m 31 10
1 29 1
2 32 10
3 16 2
t 238 42
m 32 10
1 29 0
2 32 9
3 16 3
t 237 42
m 32 9
1 30 0
2 32 8
3 16 4
t 236 42
m 32 8
1 29 0
2 32 9
3 17 4
t 235 42
m 32 9
1 29 1
2 32 10
3 18 4
t 234 42
m 32 10
1 29 0
2 32 9
3 18 3
t 233 42
m 32 9
1 29 1
2 32 8
3 18 4
t 232 42
m 32 8
1 29 2
2 32 7
3 17 4
t 231 42
m 32 7
1 29 1
2 32 8
3 18 4
t 230 42
m 32 8
1 29 2
2 32 9
3 18 3
t 229 42
m 32 9
1 29 1
2 32 8
3 18 4
t 228 42
m 32 8
1 28 1
2 32 9
3 18 3
t 227 42
m 32 9
1 27 1
2 32 10
3 18 2
t 226 42
m 32 10
1 28 1
2 32 11
3 18 3
t 225 42
m 32 11
1 27 1
2 32 12
3 18 4
t 224 42
m 32 12
1 28 1
2 32 13
3 18 3
t 223 42
m 32 13
1 27 1
2 32 12
3 18 2
t 222 42
m 32 12
1 26 1
2 32 13
3 18 1
t 221 42
m 32 13
1 25 1
2 33 13
3 18 0
t 220 42
m 33 13
1 26 1
2 32 13
3 19 0
t 219 42
m 32 13
1 25 1
2 32 12
3 20 0
t 218 42
m 32 12
1 26 1
2 32 11
3 19 0
t 217 42
m 32 11
1 27 1
2 32 12
3 20 0
t 216 42
m 32 12
1 26 1
2 32 11
3 20 1
t 215 42
m 32 11
1 25 1
2 32 12
3 20 0
t 214 42
m 32 12
1 24 1
2 32 13
3 19 0
t 213 42
m 32 13
1 23 1
2 33 13
3 20 0
t 212 42
m 33 13
1 22 1
2 34 13
3 20 1
t 211 42
m 34 13
1 23 1
2 33 13
3 21 1
t 210 42
m 33 13
1 24 1
2 34 13
3 22 1
t 209 42
m 34 13
1 25 1
2 34 12
3 21 1
t 208 42
m 34 12
1 26 1
2 34 13
3 22 1
t 207 42
m 34 13
1 27 1
2 34 14
3 21 1
t 206 42
m 34 14
1 26 1
2 34 13
3 20 1
t 205 43
m 34 13
1 27 1
2 34 14
3 20 0
t 204 43
m 34 14
1 26 1
2 34 13
3 20 1
t 203 43
m 34 13
1 25 1
2 34 14
3 21 1
t 202 43
m 34 14
1 24 1
2 34 13
3 20 1
t 201 43
m 34 13
1 23 1
2 33 13
3 21 1
t 200 43
m 33 13
1 22 1
2 32 13
3 22 1
t 199 43
m 32 13
1 21 1
2 32 12
3 23 1
t 198 43
m 32 12
1 20 1
2 32 13
3 22 1
t 197 43
m 32 13
1 21 1
2 33 13
3 21 1
t 196 43
m 33 13
1 20 1
2 32 13
3 22 1
t 195 43
m 32 13
1 20 0
2 32 12
3 21 1
t 194 43
m 32 12
1 20 1
2 32 13
3 20 1
t 193 43
m 32 13
1 21 1
2 32 12
3 21 1
t 192 43
m 32 12
1 20 1
2 32 13
3 20 1
t 191 43
m 32 13
1 20 0
2 32 12
3 20 0
t 190 43
m 32 12
1 20 1
2 32 13
3 19 0
t 189 43
m 32 13
1 20 0
2 32 12
3 20 0
t 188 43
m 32 12
1 19 0
2 32 11
3 19 0
t 187 43
m 32 11
1 18 0
2 32 10
3 18 0
t 186 43
m 32 10
1 19 0
2 31 10
3 18 1
t 185 43
m 31 10
1 20 0
2 30 10
3 18 0
t 184 43
m 30 10
1 19 0
2 29 10
3 19 0
t 183 43
m 29 10
1 18 0
2 30 10
3 18 0
t 182 43
m 30 10
1 18 1
2 31 10
3 19 0
t 181 43
m 31 10
1 18 0
2 32 10
3 18 0
t 180 43
m 32 10
1 19 0
2 32 11
3 19 0
t 179 43
m 32 11
1 18 0
2 32 10
3 20 0
t 178 43
m 32 10
1 19 0
2 32 9
3 19 0
t 177 43
m 32 9
1 18 0
2 32 10
3 20 0
t 176 43
m 32 10
1 18 1
2 31 10
3 19 0
t 175 43
m 31 10
1 18 2
2 32 10
3 18 0
t 174 43
m 32 10
1 18 1
2 33 10
3 19 0
t 173 43
m 33 10
1 18 0
2 34 10
3 18 0
t 172 44
m 34 10
1 18 1
2 33 10
3 19 0
t 171 44
m 33 10
1 18 2
2 32 10
3 20 0
t 170 44
m 32 10
1 18 1
2 32 9
3 19 0
t 169 44
m 32 9
1 18 0
2 32 10
3 18 0
t 168 44
m 32 10
1 18 1
2 32 9
3 18 1
t 167 44
m 32 9
1 18 0
2 32 8
3 18 0
t 166 44
m 32 8
1 18 1
2 32 7
3 19 0
t 165 44
m 32 7
1 18 0
2 33 7
3 20 0
t 164 44
m 33 7
1 18 1
2 32 7
3 19 0
t 163 44
m 32 7
1 18 2
2 32 8
3 20 0
t 162 44
m 32 8
1 18 3
2 32 9
3 19 0
t 161 44
m 32 9
1 18 4
2 32 8
3 18 0
t 160 44
m 32 8
1 17 4
2 32 9
3 19 0
t 159 44
m 32 9
1 16 4
2 32 8
3 18 0
t 158 44
m 32 8
1 16 3
2 32 9
3 18 1
t 157 44
m 32 9
1 16 4
2 32 10
3 18 2
t 156 44
m 32 10
1 16 3
2 33 10
3 18 3
t 155 44
m 33 10
1 16 4
2 34 10
3 18 4
t 154 44
m 34 10
1 17 4
2 34 11
3 17 4
t 153 44
m 34 11
1 16 4
2 34 10
3 18 4
t 152 45
m 34 10
1 16 3
2 33 10
3 18 3
t 151 45
m 33 10
1 16 2
2 34 10
3 18 2
t 150 45
m 34 10
1 16 3
2 33 10
3 18 1
t 149 45
m 33 10
1 16 2
2 34 10
3 18 2
t 148 45
m 34 10
1 16 3
2 34 11
3 18 3
t 147 45
m 34 11
1 16 2
2 34 12
3 18 4
t 146 45
m 34 12
1 16 1
2 34 11
3 17 4
t 145 45
m 34 11
1 16 2
2 34 10
3 16 4
t 144 45
m 34 10
1 16 1
2 33 10
3 16 3
t 143 45
m 33 10
1 16 2
2 34 10
3 16 4
t 142 45
m 34 10
1 16 1
2 34 11
3 17 4
t 141 45
m 34 11
1 16 2
2 34 12
3 18 4
t 140 45
m 34 12
1 16 3
2 34 13
3 18 3
t 139 45
m 34 13
1 16 4
2 33 13
3 18 4
t 138 45
m 33 13
1 16 3
2 34 13
3 18 3
t 137 45
m 34 13
1 16 2
2 34 12
3 18 4
t 136 45
m 34 12
1 16 3
2 34 11
3 18 3
t 135 45
m 34 11
1 16 2
2 34 12
3 18 4
t 134 45
m 34 12
1 16 1
2 34 13
3 18 3
t 133 45
m 34 13
1 16 2
2 34 14
3 18 4
t 132 45
m 34 14
1 16 1
2 34 15
3 18 3
t 131 45
m 34 15
1 16 0
2 34 14
3 18 2
t 130 45
m 34 14
1 15 0
2 34 15
3 18 1
t 129 45
m 34 15
1 14 0
2 34 14
3 18 0
t 128 45
m 34 14
1 15 0
2 34 15
3 18 1
t 127 45
m 34 15
1 16 0
2 34 16
3 18 2
t 126 45
m 34 16
1 15 0
2 34 17
3 18 3
t 125 46
m 34 17
1 16 0
2 34 18
3 18 2
t 124 46
m 34 18
1 15 0
2 34 19
3 18 3
t 123 46
m 34 19
1 14 0
2 33 19
3 18 4
t 122 46
m 33 19
1 14 1
2 34 19
3 18 3
t 121 46
m 34 19
1 14 0
2 33 19
3 18 4
t 120 46
m 33 19
1 14 1
2 32 19
3 17 4
t 119 46
m 32 19
1 14 0
2 31 19
3 18 4
t 118 47
m 31 19
1 15 0
2 30 19
3 17 4
t 117 47
m 30 19
1 14 0
2 29 19
3 18 4
t 116 48
m 29 19
1 15 0
2 30 19
3 18 3
t 115 48
m 30 19
1 16 0
2 29 19
3 18 4
t 114 48
m 29 19
1 16 1
2 28 19
3 18 3
t 113 48
m 28 19
1 16 0
2 29 19
3 18 4
t 112 49
m 29 19
1 16 1
2 30 19
3 18 3
t 111 49
m 30 19
1 16 0
2 31 19
3 18 4
t 110 49
m 31 19
1 16 1
2 32 19
3 18 3
t 109 49
m 32 19
1 16 2
2 33 19
3 18 2
t 108 49
m 33 19
1 16 3
2 34 19
3 18 1
t 107 49
m 34 19
1 16 4
2 34 18
3 18 2
t 106 49
m 34 18
1 17 4
2 34 17
3 18 3
t 105 49
m 34 17
1 18 4
2 34 16
3 18 4
t 104 49
m 34 16
1 18 3
2 34 17
3 17 4
t 103 49
m 34 17
1 18 2
2 34 16
3 16 4
t 102 49
m 34 16
1 18 3
2 34 15
3 17 4
t 101 49
m 34 15
1 18 2
2 34 14
3 18 4
t 100 49
m 34 14
1 18 1
2 34 15
3 17 4
t 99 49
m 34 15
1 18 0
2 34 16
3 18 4
t 98 49
m 34 16
1 19 0
2 34 17
3 17 4
t 97 49
m 34 17
1 18 0
2 34 16
3 16 4
t 96 49
m 34 16
1 19 0
2 34 15
3 17 4
t 95 49
m 34 15
1 20 0
2 34 16
3 16 4
t 94 49
m 34 16
1 19 0
2 34 17
3 16 3
t 93 49
m 34 17
1 18 0
2 34 16
3 16 2
t 92 49
m 34 16
1 18 1
2 34 15
3 16 1
t 91 49
m 34 15
1 18 0
2 34 16
3 16 2
t 90 49
m 34 16
1 19 0
2 34 17
3 16 1
t 89 49
m 34 17
1 20 0
2 34 18
3 16 0
t 88 49
m 34 18
1 20 1
2 34 19
3 15 0
t 87 49
m 34 19
1 21 1
2 34 18
3 14 0
t 86 49
m 34 18
1 20 1
2 34 19
3 15 0
t 85 49
m 34 19
1 21 1
2 33 19
3 14 0
t 84 49
m 33 19
1 22 1
2 34 19
3 14 1
t 83 49
m 34 19
1 21 1
2 34 18
3 14 0
t 82 49
m 34 18
1 22 1
2 34 17
3 15 0
t 81 49
m 34 17
1 23 1
2 34 16
3 14 0
t 80 49
m 34 16
1 24 1
2 34 15
3 15 0
t 79 49
m 34 15
1 25 1
2 34 16
3 14 0
t 78 49
m 34 16
1 26 1
2 34 17
3 15 0
t 77 49
m 34 17
1 27 1
2 34 16
3 16 0
t 76 49
m 34 16
1 26 1
2 34 15
3 16 1
t 75 49
m 34 15
1 27 1
2 34 14
3 16 0
t 74 49
m 34 14
1 26 1
2 34 15
3 16 1
t 73 49
m 34 15
1 25 1
2 34 16
3 16 2
t 72 49
m 34 16
1 26 1
2 34 17
3 16 3
t 71 49
m 34 17
1 27 1
2 34 16
3 16 2
t 70 49
m 34 16
1 26 1
2 34 17
3 16 1
t 69 49
m 34 17
1 27 1
2 34 18
3 16 0
t 68 49
m 34 18
1 28 1
2 34 17
3 16 1
t 67 49
m 34 17
1 27 1
2 34 16
3 16 0
t 66 49
m 34 16
1 28 1
2 34 15
3 15 0
t 65 49
m 34 15
1 29 1
2 34 14
3 14 0
t 64 49
m 34 14
1 28 1
2 34 13
3 15 0
t 63 49
m 34 13
1 27 1
2 33 13
3 14 0
t 62 49
m 33 13
1 26 1
2 34 13
3 15 0
t 61 49
m 34 13
1 25 1
2 33 13
3 16 0
t 60 49
m 33 13
1 26 1
2 32 13
3 16 1
t 59 49
m 32 13
1 25 1
2 32 12
3 16 0
t 58 49
m 32 12
1 26 1
2 32 13
3 16 1
t 57 49
m 32 13
1 27 1
2 32 12
3 16 0
t 56 49
m 32 12
1 28 1
2 32 13
3 15 0
t 55 49
m 32 13
1 27 1
2 32 12
3 16 0
t 54 49
m 32 12
1 28 1
2 32 13
3 16 1
t 53 49
m 32 13
1 29 1
2 33 13
3 16 0
t 52 49
m 33 13
1 29 2
2 34 13
3 15 0
t 51 49
m 34 13
1 29 3
2 34 12
3 16 0
t 50 49
m 34 12
1 28 3
2 34 13
3 16 1
t 49 49
m 34 13
1 27 3
2 33 13
3 16 0
t 48 49
m 33 13
1 28 3
2 32 13
3 15 0
t 47 49
m 32 13
1 29 3
2 32 12
3 16 0
t 46 49
m 32 12
1 28 3
2 32 11
3 15 0
t 45 49
m 32 11
1 29 3
2 32 12
3 16 0
t 44 49
m 32 12
1 28 3
2 32 11
3 15 0
t 43 49
m 32 11
1 29 3
2 32 10
3 16 0
t 42 49
m 32 10
1 29 2
2 31 10
3 15 0
t 41 49
m 31 10
1 29 3
2 32 10
3 16 0
t 40 49
m 32 10
1 29 2
2 31 10
3 15 0
t 39 49
m 31 10
1 29 1
2 30 10
3 14 0
t 38 49
m 30 10
1 29 2
2 31 10
3 14 1
t 37 49
m 31 10
1 29 1
2 30 10
3 14 0
t 36 49
m 30 10
1 29 0
2 31 10
3 14 1
t 35 49
m 31 10
1 30 0
2 30 10
3 14 0
t 34 49
m 30 10
1 31 0
2 29 10
3 15 0
t 33 49
m 29 10
1 30 0
2 28 10
3 14 0
t 32 49
m 28 10
1 31 0
2 27 10
3 15 0
t 31 49
m 27 10
1 32 0
2 26 10
3 14 0
t 30 49
m 26 10
1 33 0
2 27 10
3 14 1
t 29 49
m 27 10
1 32 0
2 26 10
3 13 1
t 28 49
m 26 10
1 31 0
2 25 10
3 14 1
t 27 49
m 25 10
1 32 0
2 26 10
3 14 0
t 26 49
m 26 10
1 33 0
2 26 11
3 15 0
t 25 49
m 26 11
1 32 0
2 26 12
3 14 0
t 24 49
m 26 12
1 33 0
2 26 11
3 15 0
t 23 49
m 26 11
1 32 0
2 26 12
3 14 0
t 22 49
m 26 12
1 31 0
2 26 13
3 14 1
t 21 49
m 26 13
1 32 0
2 26 12
3 13 1
t 20 49
m 26 12
1 33 0
2 26 13
3 12 1
t 19 49
m 26 13
1 32 0
2 26 14
3 13 1
t 18 49
m 26 14
1 31 0
2 26 13
3 14 1
t 17 49
m 26 13
1 30 0
2 26 14
3 13 1
t 16 49
m 26 14
1 31 0
2 26 13
3 12 1
t 15 49
m 26 13
1 30 0
2 26 12
3 11 1
t 14 49
m 26 12
1 29 0
2 26 11
3 12 1
t 13 49
m 26 11
1 30 0
2 26 10
3 11 1
t 12 49
m 26 10
1 29 0
2 27 10
3 12 1
t 11 49
m 27 10
1 29 1
2 26 10
3 13 1
t 10 49
m 26 10
1 28 1
2 27 10
3 14 1
t 9 49
m 27 10
1 27 1
2 26 10
3 14 0
t 8 49
m 26 10
1 26 1
2 27 10
3 15 0
t 7 49
m 27 10
1 25 1
2 28 10
3 14 0
t 6 49
m 28 10
1 26 1
2 29 10
3 15 0
t 5 49
m 29 10
1 27 1
2 30 10
3 14 0
t 4 49
m 30 10
1 28 1
2 31 10
3 15 0
t 3 49
m 31 10
1 29 1
2 32 10
3 14 0
t 2 49
m 32 10
1 29 0
2 32 11
3 14 1
t 1 49
m 32 11
1 30 0
2 32 12
3 13 1
t 0 49
