35
20
m 0 19
1 34 0
2 34 0
3 34 0
w 9 0
w 10 0
w 11 0
w 12 0
w 22 0
w 23 0
w 24 0
w 25 0
w 1 1
w 3 1
w 5 1
w 7 1
w 14 1
w 15 1
w 16 1
w 17 1
w 18 1
w 19 1
w 20 1
w 27 1
w 29 1
w 31 1
w 33 1
w 7 2
w 9 2
w 10 2
w 11 2
w 12 2
w 13 2
w 14 2
w 15 2
w 16 2
w 17 2
w 18 2
w 19 2
w 20 2
w 21 2
w 22 2
w 23 2
w 24 2
w 25 2
w 27 2
w 0 3
w 1 3
w 3 3
w 4 3
w 5 3
w 7 3
w 9 3
w 10 3
w 11 3
w 12 3
w 13 3
w 14 3
w 15 3
w 16 3
w 17 3
w 18 3
w 19 3
w 20 3
w 21 3
w 22 3
w 23 3
w 24 3
w 25 3
w 27 3
w 29 3
w 30 3
w 31 3
w 33 3
w 34 3
w 0 4
w 1 4
w 3 4
w 4 4
w 5 4
w 7 4
w 9 4
w 10 4
w 11 4
w 12 4
w 13 4
w 14 4
w 15 4
w 16 4
w 17 4
w 18 4
w 19 4
w 20 4
w 21 4
w 22 4
w 23 4
w 24 4
w 25 4
w 27 4
w 29 4
w 30 4
w 31 4
w 33 4
w 34 4
w 0 5
w 1 5
w 3 5
w 4 5
w 5 5
w 9 5
w 15 5
w 16 5
w 17 5
w 18 5
w 19 5
w 25 5
w 29 5
w 30 5
w 31 5
w 33 5
w 34 5
w 0 6
w 1 6
w 7 6
w 9 6
w 11 6
w 12 6
w 13 6
w 15 6
w 16 6
w 17 6
w 18 6
w 19 6
w 21 6
w 22 6
w 23 6
w 25 6
w 27 6
w 33 6
w 34 6
w 0 7
w 1 7
w 3 7
w 4 7
w 5 7
w 6 7
w 7 7
w 9 7
w 11 7
w 12 7
w 13 7
w 21 7
w 22 7
w 23 7
w 25 7
w 27 7
w 28 7
w 29 7
w 30 7
w 31 7
w 33 7
w 34 7
w 0 8
w 1 8
w 3 8
w 4 8
w 5 8
w 6 8
w 7 8
w 11 8
w 12 8
w 13 8
w 14 8
w 16 8
w 17 8
w 18 8
w 20 8
w 21 8
w 22 8
w 23 8
w 27 8
w 28 8
w 29 8
w 30 8
w 31 8
w 33 8
w 34 8
w 0 9
w 1 9
w 3 9
w 4 9
w 5 9
w 6 9
w 7 9
w 8 9
w 9 9
w 11 9
w 12 9
w 13 9
w 14 9
w 16 9
w 17 9
w 18 9
w 20 9
w 21 9
w 22 9
w 23 9
w 25 9
w 26 9
w 27 9
w 28 9
w 29 9
w 30 9
w 31 9
w 33 9
w 34 9
w 0 10
w 1 10
w 3 10
w 4 10
w 5 10
w 6 10
w 7 10
w 8 10
w 9 10
w 11 10
w 12 10
w 13 10
w 14 10
w 16 10
w 17 10
w 18 10
w 20 10
w 21 10
w 22 10
w 23 10
w 25 10
w 26 10
w 27 10
w 28 10
w 29 10
w 30 10
w 31 10
w 33 10
w 34 10
w 0 11
w 1 11
w 3 11
w 4 11
w 5 11
w 6 11
w 7 11
w 8 11
w 9 11
w 16 11
w 17 11
w 18 11
w 25 11
w 26 11
w 27 11
w 28 11
w 29 11
w 30 11
w 31 11
w 33 11
w 34 11
w 4 12
w 11 12
w 12 12
w 13 12
w 14 12
w 15 12
w 16 12
w 17 12
w 18 12
w 19 12
w 20 12
w 21 12
w 22 12
w 23 12
w 30 12
w 1 13
w 2 13
w 4 13
w 6 13
w 7 13
w 8 13
w 10 13
w 11 13
w 12 13
w 13 13
w 14 13
w 15 13
w 16 13
w 17 13
w 18 13
w 19 13
w 20 13
w 21 13
w 22 13
w 23 13
w 24 13
w 26 13
w 27 13
w 28 13
w 30 13
w 32 13
w 33 13
w 1 14
w 2 14
w 4 14
w 6 14
w 7 14
w 8 14
w 10 14
w 11 14
w 12 14
w 13 14
w 14 14
w 15 14
w 16 14
w 17 14
w 18 14
w 19 14
w 20 14
w 21 14
w 22 14
w 23 14
w 24 14
w 26 14
w 27 14
w 28 14
w 30 14
w 32 14
w 33 14
w 1 15
w 2 15
w 6 15
w 7 15
w 8 15
w 10 15
w 11 15
w 12 15
w 13 15
w 14 15
w 15 15
w 16 15
w 17 15
w 18 15
w 19 15
w 20 15
w 21 15
w 22 15
w 23 15
w 24 15
w 26 15
w 27 15
w 28 15
w 32 15
w 33 15
w 1 16
w 2 16
w 4 16
w 6 16
w 7 16
w 8 16
w 10 16
w 11 16
w 12 16
w 13 16
w 14 16
w 15 16
w 19 16
w 20 16
w 21 16
w 22 16
w 23 16
w 24 16
w 26 16
w 27 16
w 28 16
w 30 16
w 32 16
w 33 16
w 6 17
w 7 17
w 8 17
w 10 17
w 11 17
w 12 17
w 13 17
w 14 17
w 15 17
w 17 17
w 19 17
w 20 17
w 21 17
w 22 17
w 23 17
w 24 17
w 26 17
w 27 17
w 28 17
w 1 18
w 3 18
w 4 18
w 5 18
w 6 18
w 7 18
w 8 18
w 10 18
w 11 18
w 12 18
w 13 18
w 14 18
w 15 18
w 17 18
w 19 18
w 20 18
w 21 18
w 22 18
w 23 18
w 24 18
w 26 18
w 27 18
w 28 18
w 29 18
w 30 18
w 31 18
w 33 18
p 2 0
p 3 0
p 4 0
p 6 0
p 8 0
p 13 0
p 15 0
p 18 0
p 19 0
p 21 0
p 27 0
p 29 0
p 30 0
p 2 1
p 4 1
p 6 1
p 8 1
p 9 1
p 12 1
p 13 1
p 22 1
p 23 1
p 28 1
p 34 1
p 0 2
p 3 2
p 4 2
p 5 2
p 26 2
p 28 2
p 29 2
p 32 2
p 33 2
p 2 3
p 26 3
p 32 3
p 2 4
p 6 4
p 8 4
p 26 4
p 2 5
p 6 5
p 7 5
p 8 5
p 14 5
p 20 5
p 23 5
p 24 5
p 26 5
p 27 5
p 28 5
p 2 6
p 6 6
p 14 6
p 28 6
p 29 6
p 30 6
p 31 6
p 2 7
p 14 7
p 15 7
p 17 7
p 18 7
p 19 7
p 24 7
p 2 8
p 8 8
p 9 8
p 19 8
p 24 8
p 25 8
p 26 8
p 32 8
p 10 9
p 19 9
p 24 9
p 32 9
p 2 10
p 24 10
p 32 10
p 10 11
p 13 11
p 19 11
p 22 11
p 23 11
p 24 11
p 32 11
p 1 12
p 7 12
p 24 12
p 27 12
p 28 12
p 34 12
p 0 13
p 5 13
p 9 13
p 25 13
p 29 13
p 3 14
p 25 14
p 3 15
p 4 15
p 5 15
p 30 15
p 34 15
p 3 16
p 5 16
p 18 16
p 29 16
p 34 16
p 0 17
p 1 17
p 2 17
p 3 17
p 5 17
p 9 17
p 18 17
p 29 17
p 31 17
p 32 17
p 0 18
p 2 18
p 9 18
p 18 18
p 25 18
p 32 18
p 34 18
p 1 19
p 5 19
p 7 19
p 9 19
p 11 19
p 12 19
p 14 19
p 15 19
p 16 19
p 18 19
p 21 19
p 22 19
p 23 19
p 24 19
p 27 19
p 28 19
p 30 19
p 31 19
p 33 19
t 1400 0
m 0 18
1 34 1
2 34 1
3 34 1
t 1399 0
m 0 17
1 34 2
2 34 2
3 34 0
t 1398 1
m 1 17
1 33 2
2 34 1
3 34 1
t 1397 2
m 2 17
1 34 2
2 34 0
3 34 0
t 1396 2
m 3 17
1 33 2
2 33 0
3 34 1
t 1395 3
m 3 16
1 32 2
2 34 0
3 34 2
t 1394 4
m 3 15
1 32 1
2 34 1
3 34 1
t 1393 4
m 3 14
1 32 0
2 34 0
3 34 0
t 1392 5
m 3 13
1 33 0
2 34 1
3 33 0
t 1391 5
m 3 12
1 34 0
2 34 2
3 32 0
t 1390 5
m 3 12
1 33 0
2 33 2
3 33 0
t 1389 5
m 3 12
1 34 0
2 32 2
3 32 0
t 1388 5
m 3 12
1 33 0
2 31 2
3 31 0
t 1387 5
m 3 12
1 32 0
2 32 2
3 30 0
t 1386 5
m 3 12
1 33 0
2 32 1
3 31 0
t 1385 5
m 3 12
1 32 0
2 32 0
3 30 0
t 1384 5
m 3 12
1 33 0
2 32 1
3 29 0
t 1383 5
m 3 12
1 34 0
2 32 2
3 30 0
t 1382 5
m 3 12
1 33 0
2 32 3
3 31 0
t 1381 5
m 3 12
1 34 0
2 32 4
3 32 0
t 1380 5
m 3 12
1 34 1
2 32 3
3 32 1
t 1379 5
m 3 12
1 34 0
2 32 4
3 32 2
t 1378 5
m 3 12
1 33 0
2 32 3
3 31 2
t 1377 5
m 3 12
1 32 0
2 32 2
3 30 2
t 1376 5
m 3 12
1 32 1
2 31 2
3 29 2
t 1375 5
m 3 12
1 32 2
2 30 2
3 30 2
t 1374 5
m 3 12
1 31 2
2 30 1
3 31 2
t 1373 5
m 3 12
1 30 2
2 30 0
3 30 2
t 1372 5
m 3 12
1 31 2
2 30 1
3 30 1
t 1371 5
m 3 12
1 32 2
2 30 0
3 30 0
t 1370 5
m 3 12
1 33 2
2 31 0
3 31 0
t 1369 5
m 3 12
1 32 2
2 32 0
3 32 0
t 1368 5
m 3 12
1 33 2
2 32 1
3 31 0
t 1367 5
m 3 12
1 34 2
2 32 2
3 32 0
t 1366 5
m 3 12
1 33 2
2 31 2
3 31 0
t 1365 5
m 3 12
1 32 2
2 30 2
3 32 0
t 1364 5
m 3 12
1 32 3
2 29 2
3 31 0
t 1363 5
m 3 12
1 32 4
2 30 2
3 32 0
t 1362 5
m 3 12
1 32 5
2 31 2
3 31 0
t 1361 5
m 3 12
1 32 6
2 30 2
3 30 0
t 1360 5
m 3 12
1 32 7
2 31 2
3 29 0
t 1359 5
m 3 12
1 32 6
2 32 2
3 28 0
t 1358 5
m 3 12
1 31 6
2 31 2
3 29 0
t 1357 5
m 3 12
1 30 6
2 32 2
3 30 0
t 1356 5
m 3 12
1 29 6
2 32 3
3 29 0
t 1355 5
m 3 12
1 30 6
2 32 4
3 28 0
t 1354 5
m 3 12
1 29 6
2 32 3
3 29 0
t 1353 5
m 3 12
1 28 6
2 32 2
3 28 0
t 1352 5
m 3 12
1 28 5
2 31 2
3 28 1
t 1351 5
m 3 12
1 28 6
2 32 2
3 28 0
t 1350 5
m 3 12
1 28 5
2 32 3
3 29 0
t 1349 5
m 3 12
1 28 4
2 32 4
3 30 0
t 1348 5
m 3 12
1 28 5
2 32 5
3 30 1
t 1347 5
m 3 12
1 27 5
2 32 6
3 30 0
t 1346 5
m 3 12
1 28 5
2 32 5
3 31 0
t 1345 5
m 3 12
1 28 6
2 32 4
3 32 0
t 1344 5
m 3 12
1 28 5
2 32 5
3 31 0
t 1343 5
m 3 12
1 27 5
2 32 4
3 32 0
t 1342 5
m 3 12
1 28 5
2 32 3
3 31 0
t 1341 5
m 3 12
1 27 5
2 32 2
3 30 0
t 1340 5
m 3 12
1 26 5
2 31 2
3 29 0
t 1339 5
m 3 12
1 27 5
2 32 2
3 28 0
t 1338 5
m 3 12
1 26 5
2 32 3
3 27 0
t 1337 5
m 3 12
1 26 4
2 32 4
3 26 0
t 1336 5
m 3 12
1 26 3
2 32 5
3 27 0
t 1335 5
m 3 12
1 26 4
2 32 4
3 28 0
t 1334 5
m 3 12
1 26 3
2 32 5
3 28 1
t 1333 5
m 3 12
1 26 4
2 32 4
3 28 0
t 1332 5
m 3 12
1 26 5
2 32 5
3 27 0
t 1331 5
m 3 12
1 26 6
2 32 4
3 28 0
t 1330 5
m 3 12
1 26 5
2 32 5
3 29 0
t 1329 5
m 3 12
1 27 5
2 32 6
3 30 0
t 1328 5
m 3 12
1 28 5
2 31 6
3 31 0
t 1327 5
m 3 12
1 27 5
2 30 6
3 32 0
t 1326 5
m 3 12
1 28 5
2 31 6
3 31 0
t 1325 5
m 3 12
1 27 5
2 32 6
3 30 0
t 1324 5
m 3 12
1 28 5
2 31 6
3 29 0
t 1323 5
m 3 12
1 28 4
2 30 6
3 28 0
t 1322 5
m 3 12
1 28 5
2 31 6
3 28 1
t 1321 5
m 3 12
1 28 6
2 32 6
3 28 0
t 1320 5
m 3 12
1 29 6
2 31 6
3 28 1
t 1319 5
m 3 12
1 30 6
2 30 6
3 28 2
t 1318 5
m 3 12
1 31 6
2 31 6
3 28 1
t 1317 5
m 3 12
1 30 6
2 30 6
3 28 0
t 1316 5
m 3 12
1 31 6
2 29 6
3 27 0
t 1315 5
m 3 12
1 32 6
2 28 6
3 28 0
t 1314 5
m 3 12
1 32 7
2 29 6
3 29 0
t 1313 5
m 3 12
1 32 8
2 28 6
3 30 0
t 1312 5
m 3 12
1 32 9
2 29 6
3 29 0
t 1311 5
m 3 12
1 32 8
2 28 6
3 28 0
t 1310 5
m 3 12
1 32 9
2 28 5
3 29 0
t 1309 5
m 3 12
1 32 10
2 27 5
3 30 0
t 1308 5
m 3 12
1 32 9
2 28 5
3 29 0
t 1307 5
m 3 12
1 32 10
2 27 5
3 30 0
t 1306 5
m 3 12
1 32 9
2 26 5
3 30 1
t 1305 5
m 3 12
1 32 8
2 26 6
3 30 2
t 1304 5
m 3 12
1 32 7
2 26 7
3 30 1
t 1303 5
m 3 12
1 32 8
2 26 6
3 30 0
t 1302 5
m 3 12
1 32 9
2 26 5
3 30 1
t 1301 5
m 3 12
1 32 8
2 26 6
3 30 0
t 1300 5
m 3 12
1 32 7
2 26 7
3 29 0
t 1299 5
m 3 12
1 32 8
2 26 6
3 28 0
t 1298 5
m 3 12
1 32 9
2 26 5
3 29 0
t 1297 5
m 3 12
1 32 10
2 27 5
3 30 0
t 1296 5
m 3 12
1 32 9
2 28 5
3 30 1
t 1295 5
m 3 12
1 32 10
2 27 5
3 30 0
t 1294 5
m 3 12
1 32 9
2 26 5
3 31 0
t 1293 5
m 3 12
1 32 10
2 26 4
3 30 0
t 1292 5
m 3 12
1 32 9
2 26 5
3 30 1
t 1291 5
m 3 12
1 32 8
2 27 5
3 30 2
t 1290 5
m 3 12
1 32 7
2 28 5
3 30 1
t 1289 5
m 3 12
1 32 6
2 28 6
3 30 0
t 1288 5
m 3 12
1 31 6
2 28 5
3 30 1
t 1287 5
m 3 12
1 32 6
2 28 4
3 30 0
t 1286 5
m 3 12
1 32 7
2 28 3
3 31 0
t 1285 5
m 3 12
1 32 8
2 28 4
3 30 0
t 1284 5
m 3 12
1 32 7
2 28 5
3 29 0
t 1283 5
m 3 12
1 32 8
2 27 5
3 28 0
t 1282 5
m 3 12
1 32 7
2 26 5
3 28 1
t 1281 5
m 3 12
1 32 8
2 27 5
3 28 2
t 1280 5
m 3 12
1 32 7
2 26 5
3 29 2
t 1279 5
m 3 12
1 32 6
2 26 4
3 28 2
t 1278 5
m 3 12
1 31 6
2 26 5
3 28 3
t 1277 5
m 3 12
1 30 6
2 27 5
3 28 4
t 1276 5
m 3 12
1 29 6
2 28 5
3 28 3
t 1275 5
m 3 12
1 30 6
2 28 6
3 28 4
t 1274 5
m 3 12
1 31 6
2 28 5
3 28 3
t 1273 5
m 3 12
1 32 6
2 27 5
3 28 4
t 1272 5
m 3 12
1 32 5
2 26 5
3 28 5
t 1271 5
m 3 12
1 32 6
2 26 6
3 27 5
t 1270 5
m 3 12
1 31 6
2 26 7
3 28 5
t 1269 5
m 3 12
1 32 6
2 26 8
3 27 5
t 1268 5
m 3 12
1 32 5
2 25 8
3 26 5
t 1267 5
m 3 12
1 32 6
2 26 8
3 27 5
t 1266 5
m 3 12
1 31 6
2 26 7
3 28 5
t 1265 5
m 3 12
1 32 6
2 26 8
3 27 5
t 1264 5
m 3 12
1 32 7
2 26 7
3 28 5
t 1263 5
m 3 12
1 32 6
2 26 8
3 28 4
t 1262 5
m 3 12
1 32 5
2 25 8
3 28 3
t 1261 5
m 3 12
1 32 6
2 26 8
3 28 4
t 1260 5
m 3 12
1 32 7
2 25 8
3 28 5
t 1259 5
m 3 12
1 32 8
2 24 8
3 27 5
t 1258 5
m 3 12
1 32 9
2 24 9
3 28 5
t 1257 5
m 3 12
1 32 10
2 24 10
3 28 6
t 1256 5
m 3 12
1 32 9
2 24 9
3 28 5
t 1255 5
m 3 12
1 32 8
2 24 10
3 27 5
t 1254 5
m 3 12
1 32 7
2 24 11
3 28 5
t 1253 5
m 3 12
1 32 8
2 24 12
3 28 6
t 1252 5
m 3 12
1 32 9
2 24 11
3 28 5
t 1251 5
m 3 12
1 32 10
2 24 10
3 27 5
t 1250 5
m 3 12
1 32 11
2 24 9
3 26 5
t 1249 5
m 3 12
1 32 10
2 24 10
3 26 6
t 1248 5
m 3 12
1 32 11
2 24 11
3 26 7
t 1247 5
m 3 12
1 32 10
2 23 11
3 26 8
t 1246 5
m 3 12
1 32 11
2 22 11
3 26 7
t 1245 5
m 3 12
1 32 12
2 23 11
3 26 8
t 1244 5
m 3 12
1 31 12
2 24 11
3 25 8
t 1243 5
m 3 12
1 31 13
2 24 10
3 24 8
t 1242 5
m 3 12
1 31 14
2 24 9
3 25 8
t 1241 5
m 3 12
1 31 13
2 24 10
3 26 8
t 1240 5
m 3 12
1 31 14
2 24 9
3 26 7
t 1239 5
m 3 12
1 31 13
2 24 8
3 26 6
t 1238 5
m 3 12
1 31 14
2 25 8
3 26 5
t 1237 5
m 3 12
1 31 13
2 26 8
3 27 5
t 1236 5
m 3 12
1 31 12
2 25 8
3 26 5
t 1235 5
m 3 12
1 31 13
2 26 8
3 26 6
t 1234 5
m 3 12
1 31 12
2 26 7
3 26 7
t 1233 5
m 3 12
1 31 13
2 26 8
3 26 8
t 1232 5
m 3 12
1 31 14
2 25 8
3 25 8
t 1231 5
m 3 12
1 31 13
2 24 8
3 24 8
t 1230 5
m 3 12
1 31 12
2 24 9
3 25 8
t 1229 5
m 3 12
1 31 13
2 24 10
3 26 8
t 1228 5
m 3 12
1 31 14
2 24 11
3 26 7
t 1227 5
m 3 12
1 31 13
2 24 10
3 26 6
t 1226 5
m 3 12
1 31 14
2 24 11
3 26 7
t 1225 5
m 3 12
1 31 13
2 24 12
3 26 6
t 1224 5
m 3 12
1 31 14
2 25 12
3 26 7
t 1223 5
m 3 12
1 31 13
2 24 12
3 26 6
t 1222 5
m 3 12
1 31 14
2 25 12
3 26 5
t 1221 5
m 3 12
1 31 15
2 25 13
3 26 4
t 1220 5
m 3 13
1 31 16
2 25 12
3 26 3
t 1219 5
m 3 12
1 31 15
2 26 12
3 26 2
t 1218 5
m 3 12
1 30 15
2 25 12
3 26 1
t 1217 5
m 3 12
1 29 15
2 24 12
3 26 2
t 1216 5
m 3 12
1 29 14
2 25 12
3 26 3
t 1215 5
m 3 12
1 29 15
2 26 12
3 26 2
t 1214 5
m 3 12
1 30 15
2 25 12
3 26 1
t 1213 5
m 3 12
1 31 15
2 24 12
3 25 1
t 1212 5
m 3 12
1 31 16
2 25 12
3 26 1
t 1211 5
m 3 12
1 31 15
2 24 12
3 26 0
t 1210 5
m 3 12
1 30 15
2 24 11
3 26 1
t 1209 5
m 3 12
1 31 15
2 23 11
3 25 1
t 1208 5
m 3 12
1 30 15
2 24 11
3 26 1
t 1207 5
m 3 12
1 31 15
2 23 11
3 25 1
t 1206 5
m 3 12
1 31 16
2 24 11
3 26 1
t 1205 5
m 3 12
1 31 17
2 23 11
3 26 2
t 1204 5
m 3 12
1 31 16
2 24 11
3 26 1
t 1203 5
m 3 12
1 31 17
2 24 10
3 26 2
t 1202 5
m 3 12
1 32 17
2 24 11
3 26 1
t 1201 5
m 3 12
1 31 17
2 24 12
3 25 1
t 1200 5
m 3 12
1 32 17
2 25 12
3 24 1
t 1199 5
m 3 12
1 31 17
2 25 13
3 25 1
t 1198 5
m 3 13
1 31 16
2 25 12
3 24 1
t 1197 5
m 3 12
1 31 17
2 24 12
3 25 1
t 1196 5
m 3 12
1 30 17
2 24 11
3 26 1
t 1195 5
m 3 12
1 31 17
2 24 12
3 25 1
t 1194 5
m 3 12
1 32 17
2 24 11
3 24 1
t 1193 5
m 3 12
1 31 17
2 24 12
3 25 1
t 1192 5
m 3 12
1 32 17
2 25 12
3 26 1
t 1191 5
m 3 12
1 33 17
2 25 13
3 26 2
t 1190 5
m 3 13
1 34 17
2 25 14
3 26 3
t 1189 5
m 3 14
1 34 16
2 25 13
3 26 2
t 1188 5
m 3 13
1 34 15
2 25 14
3 26 1
t 1187 5
m 3 14
1 34 16
2 25 13
3 26 2
t 1186 5
m 3 13
1 34 15
2 25 12
3 26 3
t 1185 5
m 3 12
1 34 16
2 24 12
3 26 4
t 1184 5
m 3 12
1 34 15
2 25 12
3 26 3
t 1183 5
m 3 12
1 34 14
2 26 12
3 26 2
t 1182 5
m 3 12
1 34 15
2 25 12
3 26 3
t 1181 5
m 3 12
1 34 16
2 26 12
3 26 4
t 1180 5
m 3 12
1 34 17
2 25 12
3 26 5
t 1179 5
m 3 12
1 33 17
2 26 12
3 26 4
t 1178 5
m 3 12
1 34 17
2 25 12
3 26 3
t 1177 5
m 3 12
1 34 18
2 26 12
3 26 2
t 1176 5
m 3 12
1 34 17
2 25 12
3 26 3
t 1175 5
m 3 12
1 34 18
2 26 12
3 26 2
t 1174 5
m 3 12
1 34 17
2 27 12
3 26 1
t 1173 5
m 3 12
1 34 16
2 28 12
3 25 1
t 1172 5
m 3 12
1 34 15
2 27 12
3 24 1
t 1171 5
m 3 12
1 34 14
2 26 12
3 23 1
t 1170 5
m 3 12
1 34 13
2 25 12
3 24 1
t 1169 5
m 3 12
1 34 12
2 24 12
3 23 1
t 1168 5
m 3 12
1 34 13
2 24 11
3 22 1
t 1167 5
m 3 12
1 34 14
2 24 10
3 21 1
t 1166 5
m 3 12
1 34 15
2 24 9
3 22 1
t 1165 5
m 3 12
1 34 16
2 24 8
3 21 1
t 1164 5
m 3 12
1 34 15
2 24 7
3 21 0
t 1163 5
m 3 12
1 34 16
2 24 6
3 20 0
t 1162 5
m 3 12
1 34 17
2 24 7
3 21 0
t 1161 5
m 3 12
1 34 16
2 24 6
3 21 1
t 1160 5
m 3 12
1 34 17
2 24 7
3 21 0
t 1159 5
m 3 12
1 34 16
2 24 6
3 21 1
t 1158 5
m 3 12
1 34 17
2 24 7
3 22 1
t 1157 5
m 3 12
1 33 17
2 24 8
3 23 1
t 1156 5
m 3 12
1 34 17
2 25 8
3 22 1
t 1155 5
m 3 12
1 33 17
2 24 8
3 23 1
t 1154 5
m 3 12
1 32 17
2 24 7
3 22 1
t 1153 5
m 3 12
1 31 17
2 24 6
3 23 1
t 1152 5
m 3 12
1 32 17
2 24 5
3 22 1
t 1151 5
m 3 12
1 32 18
2 24 6
3 21 1
t 1150 5
m 3 12
1 32 17
2 24 5
3 21 0
t 1149 5
m 3 12
1 33 17
2 24 6
3 20 0
t 1148 5
m 3 12
1 34 17
2 24 5
3 21 0
t 1147 5
m 3 12
1 33 17
2 24 6
3 20 0
t 1146 5
m 3 12
1 32 17
2 24 5
3 19 0
t 1145 5
m 3 12
1 32 18
2 23 5
3 18 0
t 1144 5
m 3 12
1 32 19
2 22 5
3 17 0
t 1143 5
m 3 12
1 33 19
2 21 5
3 16 0
t 1142 5
m 3 12
1 32 19
2 20 5
3 15 0
t 1141 5
m 3 12
1 33 19
2 21 5
3 16 0
t 1140 5
m 3 12
1 34 19
2 22 5
3 17 0
t 1139 5
m 3 12
1 34 18
2 23 5
3 16 0
t 1138 5
m 3 12
1 34 17
2 24 5
3 15 0
t 1137 5
m 3 12
1 34 16
2 23 5
3 16 0
t 1136 5
m 3 12
1 34 17
2 24 5
3 15 0
t 1135 5
m 3 12
1 33 17
2 24 6
3 16 0
t 1134 5
m 3 12
1 32 17
2 24 5
3 15 0
t 1133 5
m 3 12
1 33 17
2 24 6
3 16 0
t 1132 5
m 3 12
1 34 17
2 24 5
3 15 0
t 1131 5
m 3 12
1 34 18
2 23 5
3 16 0
t 1130 5
m 3 12
1 34 19
2 24 5
3 15 0
t 1129 5
m 3 12
1 34 18
2 23 5
3 16 0
t 1128 5
m 3 12
1 34 19
2 22 5
3 17 0
t 1127 5
m 3 12
1 33 19
2 23 5
3 16 0
t 1126 5
m 3 12
1 32 19
2 22 5
3 15 0
t 1125 5
m 3 12
1 33 19
2 23 5
3 14 0
t 1124 5
m 3 12
1 32 19
2 22 5
3 15 0
t 1123 5
m 3 12
1 31 19
2 21 5
3 14 0
t 1122 5
m 3 12
1 32 19
2 22 5
3 15 0
t 1121 5
m 3 12
1 32 18
2 21 5
3 16 0
t 1120 5
m 3 12
1 32 19
2 22 5
3 17 0
t 1119 5
m 3 12
1 32 18
2 23 5
3 18 0
t 1118 5
m 3 12
1 32 17
2 22 5
3 17 0
t 1117 5
m 3 12
1 31 17
2 23 5
3 18 0
t 1116 5
m 3 12
1 31 16
2 22 5
3 17 0
t 1115 5
m 3 12
1 31 17
2 23 5
3 18 0
t 1114 5
m 3 12
1 30 17
2 22 5
3 19 0
t 1113 5
m 3 12
1 29 17
2 23 5
3 20 0
t 1112 5
m 3 12
1 30 17
2 22 5
3 21 0
t 1111 5
m 3 12
1 31 17
2 21 5
3 21 1
t 1110 5
m 3 12
1 30 17
2 20 5
3 22 1
t 1109 5
m 3 12
1 31 17
2 21 5
3 21 1
t 1108 5
m 3 12
1 30 17
2 22 5
3 21 0
t 1107 5
m 3 12
1 31 17
2 21 5
3 20 0
f 3 15
t 1106 5
m 3 12
1 32 17
2 22 5
3 21 0
t 1105 5
m 3 12
1 32 18
2 23 5
3 20 0
t 1104 5
m 3 12
1 32 17
2 22 5
3 21 0
t 1103 5
m 3 12
1 32 18
2 21 5
3 21 1
t 1102 5
m 3 12
1 32 17
2 20 5
3 22 1
t 1101 5
m 3 12
1 31 17
2 20 6
3 23 1
t 1100 5
m 3 12
1 31 16
2 20 7
3 22 1
t 1099 5
m 3 12
1 31 15
2 19 7
3 23 1
t 1098 5
m 3 12
1 31 14
2 20 7
3 22 1
t 1097 5
m 3 12
1 31 13
2 19 7
3 23 1
t 1096 5
m 3 12
1 31 12
2 19 8
3 22 1
t 1095 5
m 3 12
1 31 13
2 19 7
3 21 1
t 1094 5
m 3 12
1 31 12
2 20 7
3 22 1
t 1093 5
m 3 12
1 31 13
2 19 7
3 21 1
t 1092 5
m 3 12
1 31 12
2 19 8
3 21 0
t 1091 5
m 3 12
1 31 13
2 19 9
3 21 1
t 1090 5
m 3 12
1 31 14
2 19 8
3 22 1
t 1089 5
m 3 12
1 31 15
2 19 9
3 23 1
t 1088 5
m 3 12
1 31 14
2 19 10
3 24 1
t 1087 5
m 3 12
1 31 15
2 19 11
3 23 1
t 1086 5
m 3 12
1 31 16
2 20 11
3 24 1
t 1085 5
m 3 12
1 31 15
2 21 11
3 25 1
t 1084 5
m 3 12
1 31 14
2 20 11
3 24 1
t 1083 5
m 3 12
1 31 15
2 19 11
3 25 1
t 1082 5
m 3 12
1 30 15
2 19 10
3 24 1
t 1081 5
m 3 12
1 31 15
2 19 9
3 25 1
t 1080 5
m 3 12
1 30 15
2 19 10
3 24 1
t 1079 5
m 3 12
1 29 15
2 19 9
3 23 1
t 1078 5
m 3 12
1 29 14
2 19 8
3 24 1
t 1077 5
m 3 12
1 29 13
2 19 7
3 25 1
t 1076 5
m 3 12
1 29 14
2 18 7
3 26 1
t 1075 5
m 3 12
1 29 15
2 19 7
3 26 0
t 1074 5
m 3 12
1 30 15
2 20 7
3 26 1
t 1073 5
m 3 12
1 31 15
2 20 6
3 26 2
t 1072 5
m 3 12
1 31 14
2 20 7
3 26 1
t 1071 5
m 3 12
1 31 15
2 20 6
3 26 0
t 1070 5
m 3 12
1 31 16
2 20 7
3 27 0
t 1069 5
m 3 12
1 31 17
2 19 7
3 28 0
t 1068 5
m 3 12
1 30 17
2 18 7
3 28 1
t 1067 5
m 3 12
1 31 17
2 19 7
3 28 2
t 1066 5
m 3 12
1 32 17
2 18 7
3 28 3
t 1065 5
m 3 12
1 33 17
2 19 7
3 28 2
t 1064 5
m 3 12
1 32 17
2 19 8
3 28 3
t 1063 5
m 3 12
1 33 17
2 19 9
3 28 4
t 1062 5
m 3 12
1 32 17
2 19 10
3 28 3
t 1061 5
m 3 12
1 33 17
2 19 11
3 28 4
t 1060 5
m 3 12
1 34 17
2 20 11
3 28 5
t 1059 5
m 3 12
1 34 16
2 21 11
3 27 5
t 1058 5
m 3 12
1 34 15
2 20 11
3 28 5
t 1057 5
m 3 12
1 34 16
2 21 11
3 28 6
t 1056 5
m 3 12
1 34 15
2 20 11
3 29 6
t 1055 5
m 3 12
1 34 14
2 19 11
3 30 6
t 1054 5
m 3 12
1 34 15
2 20 11
3 31 6
t 1053 5
m 3 12
1 34 14
2 19 11
3 32 6
t 1052 5
m 3 12
1 34 13
2 19 10
3 31 6
t 1051 5
m 3 12
1 34 14
2 19 11
3 32 6
t 1050 5
m 3 12
1 34 13
2 20 11
3 32 7
t 1049 5
m 3 12
1 34 14
2 21 11
3 32 8
t 1048 5
m 3 12
1 34 13
2 22 11
3 32 7
t 1047 5
m 3 12
1 34 12
2 21 11
3 32 8
t 1046 5
m 3 12
1 33 12
2 22 11
3 32 9
t 1045 5
m 3 12
1 34 12
2 21 11
3 32 8
t 1044 5
m 3 12
1 34 13
2 22 11
3 32 9
t 1043 5
m 3 12
1 34 12
2 23 11
3 32 10
t 1042 5
m 3 12
1 34 13
2 24 11
3 32 11
t 1041 5
m 3 12
1 34 14
2 23 11
3 32 10
t 1040 5
m 3 12
1 34 13
2 24 11
3 32 11
t 1039 5
m 3 12
1 34 14
2 24 10
3 32 12
t 1038 5
m 3 12
1 34 13
2 24 11
3 32 11
t 1037 5
m 3 12
1 34 14
2 24 12
3 32 12
t 1036 5
m 3 12
1 34 15
2 25 12
3 31 12
t 1035 5
m 3 12
1 34 14
2 25 13
3 32 12
t 1034 5
m 3 13
1 34 15
2 25 12
3 33 12
t 1033 5
m 3 12
1 34 14
2 26 12
3 32 12
t 1032 5
m 3 12
1 34 13
2 27 12
3 32 11
t 1031 5
m 3 12
1 34 12
2 28 12
3 32 12
t 1030 5
m 3 12
1 34 13
2 29 12
3 33 12
t 1029 5
m 3 12
1 34 12
2 29 13
3 34 12
t 1028 5
m 3 13
1 33 12
2 29 12
3 33 12
t 1027 5
m 3 12
1 34 12
2 29 13
3 34 12
t 1026 5
m 3 13
1 34 13
2 29 14
3 33 12
t 1025 5
m 3 14
1 34 12
2 29 15
3 34 12
t 1024 5
m 3 15
1 34 13
2 29 14
3 34 13
t 1023 15
m 4 15
1 34 12
2 29 15
3 34 14
t 1022 16
m 5 15
1 34 13
2 30 15
3 34 15
t 1021 16
m 5 15
1 34 14
2 29 15
3 34 16
t 1020 16
m 5 15
1 34 13
2 29 16
3 34 17
t 1019 16
m 5 16
1 34 14
2 29 17
3 34 16
t 1018 17
m 5 17
1 34 13
2 30 17
3 34 17
t 1017 18
m 5 17
1 34 12
2 31 17
3 34 16
t 1016 18
m 5 17
1 33 12
2 30 17
3 34 17
t 1015 18
m 5 17
1 34 12
2 29 17
3 33 17
t 1014 18
m 5 17
1 33 12
2 30 17
3 34 17
t 1013 18
m 5 17
1 34 12
2 29 17
3 34 16
t 1012 18
m 5 17
1 33 12
2 29 16
3 34 15
t 1011 18
m 5 16
1 32 12
2 29 17
3 34 16
t 1010 18
m 5 17
1 32 11
2 30 17
3 34 17
t 1009 18
m 5 17
1 32 10
2 29 17
3 34 18
t 1008 18
m 5 17
1 32 11
2 30 17
3 34 19
t 1007 18
m 5 17
1 32 10
2 31 17
3 33 19
t 1006 18
m 5 17
1 32 9
2 31 16
3 32 19
t 1005 18
m 5 16
1 32 8
2 31 17
3 32 18
t 1004 18
m 5 17
1 32 7
2 31 16
3 32 19
t 1003 18
m 5 16
1 32 8
2 31 15
3 32 18
t 1002 18
m 5 15
1 32 9
2 31 16
3 32 17
t 1001 18
m 5 16
1 32 8
2 31 17
3 31 17
t 1000 18
m 5 17
1 32 7
2 31 16
3 30 17
t 999 18
m 5 17
1 32 6
2 31 17
3 29 17
t 998 18
m 5 17
1 32 5
2 30 17
3 30 17
t 997 18
m 5 17
1 32 4
2 29 17
3 29 17
t 996 18
m 5 17
1 32 3
2 30 17
3 30 17
t 995 18
m 5 17
1 32 2
2 29 17
3 31 17
t 994 18
m 5 17
1 33 2
2 29 16
3 30 17
t 993 18
m 5 16
1 32 2
2 29 17
3 29 17
t 992 18
m 5 17
1 31 2
2 30 17
3 30 17
t 991 18
m 5 17
1 32 2
2 31 17
3 31 17
t 990 18
m 5 17
1 33 2
2 31 16
3 31 16
t 989 18
m 5 16
1 34 2
2 31 15
3 31 15
t 988 18
m 5 15
1 34 1
2 30 15
3 30 15
t 987 18
m 5 15
1 34 2
2 29 15
3 31 15
t 986 18
m 5 15
1 34 1
2 30 15
3 30 15
t 985 18
m 5 15
1 34 0
2 29 15
3 29 15
t 984 18
m 5 15
1 33 0
2 30 15
3 29 14
t 983 18
m 5 14
1 32 0
2 29 15
3 29 15
t 982 18
m 5 15
1 33 0
2 29 16
3 30 15
t 981 18
m 5 16
1 32 0
2 29 17
3 31 15
t 980 18
m 5 17
1 32 1
2 30 17
3 30 15
t 979 18
m 5 17
1 32 2
2 29 17
3 29 15
t 978 18
m 5 17
1 32 1
2 30 17
3 29 16
t 977 18
m 5 16
1 32 2
2 31 17
3 29 17
t 976 18
m 5 17
1 31 2
2 30 17
3 29 16
t 975 18
m 5 16
1 32 2
2 31 17
3 29 17
t 974 18
m 5 17
1 33 2
2 32 17
3 30 17
t 973 18
m 5 17
1 34 2
2 33 17
3 29 17
t 972 18
m 5 17
1 34 1
2 32 17
3 30 17
t 971 18
m 5 17
1 34 0
2 32 18
3 31 17
t 970 18
m 5 17
1 34 1
2 32 19
3 32 17
t 969 18
m 5 17
1 34 0
2 33 19
3 31 17
t 968 18
m 5 17
1 33 0
2 32 19
3 30 17
t 967 18
m 5 17
1 32 0
2 31 19
3 29 17
t 966 18
m 5 17
1 32 1
2 32 19
3 29 16
t 965 18
m 5 16
1 32 0
2 31 19
3 29 15
t 964 18
m 5 15
1 33 0
2 30 19
3 29 16
t 963 18
m 5 16
1 32 0
2 29 19
3 29 17
t 962 18
m 5 17
1 31 0
2 28 19
3 29 16
t 961 18
m 5 16
1 30 0
2 27 19
3 29 15
t 960 18
m 5 15
1 30 1
2 28 19
3 30 15
t 959 18
m 5 15
1 30 2
2 29 19
3 31 15
t 958 18
m 5 15
1 29 2
2 30 19
3 31 16
t 957 18
m 5 16
1 30 2
2 31 19
3 31 15
t 956 18
m 5 15
1 31 2
2 32 19
3 31 16
t 955 18
m 5 16
1 32 2
2 31 19
3 31 15
t 954 18
m 5 15
1 32 1
2 32 19
3 31 14
t 953 18
m 5 14
1 32 2
2 31 19
3 31 15
t 952 18
m 5 15
1 32 3
2 30 19
3 31 14
t 951 18
m 5 14
1 32 4
2 29 19
3 31 13
t 950 18
m 5 13
1 32 3
2 28 19
3 31 12
t 949 18
m 5 12
1 32 2
2 27 19
3 31 13
t 948 18
m 6 12
1 32 1
2 28 19
3 31 14
t 947 18
m 7 12
1 32 2
2 27 19
3 31 13
t 946 19
m 8 12
1 33 2
2 28 19
3 31 14
t 945 19
m 9 12
1 32 2
2 27 19
3 31 15
t 944 19
m 9 13
1 31 2
2 28 19
3 30 15
t 943 20
m 9 14
1 30 2
2 29 19
3 29 15
t 942 20
m 9 15
1 31 2
2 30 19
3 29 16
t 941 20
m 9 16
1 30 2
2 29 19
3 29 17
t 940 20
m 9 17
1 30 1
2 28 19
3 29 16
t 939 20
m 9 18
1 30 0
2 27 19
3 29 17
t 938 21
m 9 19
1 30 1
2 26 19
3 30 17
t 937 22
m 10 19
1 30 0
2 27 19
3 31 17
t 936 22
m 11 19
1 31 0
2 26 19
3 30 17
t 935 23
m 12 19
1 32 0
2 27 19
3 29 17
t 934 23
m 13 19
1 33 0
2 28 19
3 29 16
t 933 23
m 14 19
1 34 0
2 29 19
3 29 17
t 932 24
m 15 19
1 33 0
2 28 19
3 30 17
t 931 25
m 16 19
1 34 0
2 27 19
3 31 17
t 930 25
m 17 19
1 33 0
2 26 19
3 30 17
t 929 25
m 18 19
1 34 0
2 27 19
3 29 17
t 928 26
m 19 19
1 33 0
2 26 19
3 30 17
t 927 26
m 20 19
1 34 0
2 27 19
3 29 17
f 31 12
t 926 26
m 21 19
1 34 1
2 26 19
3 30 17
t 925 27
m 22 19
1 34 2
2 27 19
3 29 17
t 924 27
m 23 19
1 33 2
2 26 19
3 30 17
t 923 28
m 24 19
1 32 2
2 25 19
3 31 17
t 922 29
m 25 19
1 32 1
2 24 19
3 30 17
t 921 29
