2.028985507246376940e-01 1.884057971014492794e-01 1.000000000000000000e+00 3.768115942028985588e-01 5.072463768115942351e-01 1.739130434782608647e-01 6.666666666666666297e-01 6.086956521739130821e-01 9.855072463768116409e-01 6.086956521739130821e-01
5.942028985507246119e-01 1.304347826086956486e-01 2.318840579710144956e-01 3.623188405797101441e-01 6.231884057971014412e-01 4.782608695652174058e-01 6.086956521739130821e-01 1.884057971014492794e-01 3.333333333333333148e-01 1.000000000000000000e+00
3.478260869565217295e-01 1.739130434782608647e-01 2.898550724637681264e-01 1.304347826086956486e-01 3.333333333333333148e-01 9.275362318840579823e-01 4.927536231884058204e-01 3.478260869565217295e-01 1.000000000000000000e+00 1.000000000000000000e+00
5.217391304347825942e-01 8.695652173913043237e-02 4.492753623188405765e-01 9.710144927536231707e-01 8.695652173913043237e-01 1.304347826086956486e-01 5.942028985507246119e-01 1.000000000000000000e+00 1.000000000000000000e+00 1.000000000000000000e+00
2.898550724637681195e-02 4.347826086956521618e-01 3.623188405797101441e-01 8.695652173913043237e-01 6.086956521739130821e-01 2.318840579710144956e-01 1.000000000000000000e+00 1.000000000000000000e+00 1.000000000000000000e+00 1.000000000000000000e+00
4.347826086956521618e-02 4.927536231884058204e-01 4.347826086956521618e-01 8.695652173913043237e-02 3.478260869565217295e-01 1.000000000000000000e+00 1.000000000000000000e+00 1.000000000000000000e+00 1.000000000000000000e+00 1.000000000000000000e+00
7.536231884057971175e-01 3.188405797101449002e-01 3.623188405797101441e-01 3.188405797101449002e-01 1.000000000000000000e+00 1.000000000000000000e+00 1.000000000000000000e+00 1.000000000000000000e+00 1.000000000000000000e+00 1.000000000000000000e+00
1.594202898550724501e-01 3.478260869565217295e-01 1.884057971014492794e-01 1.000000000000000000e+00 1.000000000000000000e+00 1.000000000000000000e+00 1.000000000000000000e+00 1.000000000000000000e+00 1.000000000000000000e+00 1.000000000000000000e+00
1.014492753623188470e-01 5.217391304347825942e-01 1.000000000000000000e+00 1.000000000000000000e+00 1.000000000000000000e+00 1.000000000000000000e+00 1.000000000000000000e+00 1.000000000000000000e+00 1.000000000000000000e+00 1.000000000000000000e+00
0.000000000000000000e+00 1.000000000000000000e+00 1.000000000000000000e+00 1.000000000000000000e+00 1.000000000000000000e+00 1.000000000000000000e+00 1.000000000000000000e+00 1.000000000000000000e+00 1.000000000000000000e+00 1.000000000000000000e+00
