2.500000000000000000e-01 2.211538461538461453e-01 1.826923076923076816e-01 8.173076923076922906e-01 5.000000000000000000e-01 2.307692307692307820e-01 2.788461538461538547e-01 9.903846153846154188e-01 7.211538461538461453e-01 4.134615384615384359e-01
3.846153846153846367e-02 5.769230769230768718e-01 5.096153846153845812e-01 1.346153846153846090e-01 5.961538461538461453e-01 3.461538461538461453e-01 2.884615384615384776e-02 7.307692307692307265e-01 5.096153846153845812e-01 1.000000000000000000e+00
1.538461538461538547e-01 5.000000000000000000e-01 4.230769230769230727e-01 5.769230769230769551e-02 9.615384615384615918e-03 9.423076923076922906e-01 4.519230769230769273e-01 1.153846153846153910e-01 1.000000000000000000e+00 1.000000000000000000e+00
9.615384615384615918e-03 2.788461538461538547e-01 7.115384615384615641e-01 2.307692307692307820e-01 5.000000000000000000e-01 5.000000000000000000e-01 3.653846153846153633e-01 1.000000000000000000e+00 1.000000000000000000e+00 1.000000000000000000e+00
9.615384615384615918e-03 0.000000000000000000e+00 2.884615384615384776e-02 1.730769230769230727e-01 4.807692307692307820e-01 2.788461538461538547e-01 1.000000000000000000e+00 1.000000000000000000e+00 1.000000000000000000e+00 1.000000000000000000e+00
1.923076923076923184e-02 2.211538461538461453e-01 2.692307692307692180e-01 1.000000000000000000e+00 1.153846153846153910e-01 1.000000000000000000e+00 1.000000000000000000e+00 1.000000000000000000e+00 1.000000000000000000e+00 1.000000000000000000e+00
2.307692307692307820e-01 3.076923076923077094e-01 7.692307692307692735e-02 5.769230769230768718e-01 1.000000000000000000e+00 1.000000000000000000e+00 1.000000000000000000e+00 1.000000000000000000e+00 1.000000000000000000e+00 1.000000000000000000e+00
0.000000000000000000e+00 6.442307692307692735e-01 4.230769230769230727e-01 1.000000000000000000e+00 1.000000000000000000e+00 1.000000000000000000e+00 1.000000000000000000e+00 1.000000000000000000e+00 1.000000000000000000e+00 1.000000000000000000e+00
6.826923076923077094e-01 8.557692307692307265e-01 1.000000000000000000e+00 1.000000000000000000e+00 1.000000000000000000e+00 1.000000000000000000e+00 1.000000000000000000e+00 1.000000000000000000e+00 1.000000000000000000e+00 1.000000000000000000e+00
7.692307692307692735e-01 1.000000000000000000e+00 1.000000000000000000e+00 1.000000000000000000e+00 1.000000000000000000e+00 1.000000000000000000e+00 1.000000000000000000e+00 1.000000000000000000e+00 1.000000000000000000e+00 1.000000000000000000e+00
