3.956834532374100544e-01 2.374100719424460382e-01 6.402877697841726778e-01 9.352517985611510931e-02 4.820143884892086339e-01 1.223021582733812979e-01 1.942446043165467762e-01 2.086330935251798635e-01 4.388489208633093441e-01 1.942446043165467762e-01
2.661870503597122406e-01 5.683453237410072134e-01 3.669064748201438797e-01 2.374100719424460382e-01 6.115107913669064477e-01 4.820143884892086339e-01 4.100719424460431695e-01 1.366906474820143991e-01 1.079136690647481966e-01 1.000000000000000000e+00
2.805755395683453002e-01 4.100719424460431695e-01 2.661870503597122406e-01 6.978417266187050272e-01 6.115107913669064477e-01 1.510791366906474864e-01 1.510791366906474864e-01 2.805755395683453002e-01 1.000000000000000000e+00 1.000000000000000000e+00
1.942446043165467762e-01 3.525179856115107646e-01 3.525179856115107646e-01 5.035971223021582649e-02 6.474820143884892076e-02 1.798561151079136611e-01 4.244604316546762846e-01 1.000000000000000000e+00 1.000000000000000000e+00 1.000000000000000000e+00
2.517985611510791255e-01 4.244604316546762846e-01 1.510791366906474864e-01 1.654676258992805737e-01 2.374100719424460382e-01 1.942446043165467762e-01 1.000000000000000000e+00 1.000000000000000000e+00 1.000000000000000000e+00 1.000000000000000000e+00
4.820143884892086339e-01 2.374100719424460382e-01 1.000000000000000000e+00 5.539568345323740983e-01 2.086330935251798635e-01 1.000000000000000000e+00 1.000000000000000000e+00 1.000000000000000000e+00 1.000000000000000000e+00 1.000000000000000000e+00
1.510791366906474864e-01 3.669064748201438797e-01 1.798561151079136611e-01 1.510791366906474864e-01 1.000000000000000000e+00 1.000000000000000000e+00 1.000000000000000000e+00 1.000000000000000000e+00 1.000000000000000000e+00 1.000000000000000000e+00
3.812949640287769948e-01 1.798561151079136611e-01 3.381294964028777050e-01 1.000000000000000000e+00 1.000000000000000000e+00 1.000000000000000000e+00 1.000000000000000000e+00 1.000000000000000000e+00 1.000000000000000000e+00 1.000000000000000000e+00
1.942446043165467762e-01 2.805755395683453002e-01 1.000000000000000000e+00 1.000000000000000000e+00 1.000000000000000000e+00 1.000000000000000000e+00 1.000000000000000000e+00 1.000000000000000000e+00 1.000000000000000000e+00 1.000000000000000000e+00
2.805755395683453002e-01 1.000000000000000000e+00 1.000000000000000000e+00 1.000000000000000000e+00 1.000000000000000000e+00 1.000000000000000000e+00 1.000000000000000000e+00 1.000000000000000000e+00 1.000000000000000000e+00 1.000000000000000000e+00
