1.337579617834394885e-01 6.369426751592357008e-03 2.229299363057324901e-01 1.592356687898089096e-01 2.356687898089172006e-01 9.554140127388535686e-02 4.458598726114649385e-02 3.375796178343948850e-01 5.031847133757961776e-01 1.592356687898089096e-01
3.375796178343948850e-01 2.229299363057324901e-01 2.356687898089172006e-01 1.592356687898089096e-01 1.719745222929936201e-01 7.006369426751592189e-02 2.101910828025477795e-01 4.458598726114649385e-02 1.592356687898089096e-01 1.000000000000000000e+00
1.974522292993630690e-01 4.904458598726114671e-01 2.229299363057324901e-01 1.337579617834394885e-01 3.248407643312101745e-01 8.280254777070063243e-02 1.464968152866241990e-01 7.006369426751592189e-02 1.000000000000000000e+00 1.000000000000000000e+00
1.337579617834394885e-01 3.375796178343948850e-01 1.000000000000000000e+00 4.777070063694267565e-01 4.458598726114649385e-02 7.006369426751592189e-02 4.458598726114649385e-02 1.000000000000000000e+00 1.000000000000000000e+00 1.000000000000000000e+00
1.847133757961783307e-01 7.961783439490446312e-01 4.267515923566879144e-01 6.369426751592357008e-03 3.184713375796178331e-02 5.031847133757961776e-01 1.000000000000000000e+00 1.000000000000000000e+00 1.000000000000000000e+00 1.000000000000000000e+00
3.503184713375795956e-01 6.369426751592357008e-03 1.210191082802547780e-01 1.464968152866241990e-01 1.974522292993630690e-01 1.000000000000000000e+00 1.000000000000000000e+00 1.000000000000000000e+00 1.000000000000000000e+00 1.000000000000000000e+00
9.363057324840764473e-01 2.356687898089172006e-01 1.464968152866241990e-01 6.369426751592357008e-03 1.000000000000000000e+00 1.000000000000000000e+00 1.000000000000000000e+00 1.000000000000000000e+00 1.000000000000000000e+00 1.000000000000000000e+00
1.910828025477706929e-02 2.229299363057324901e-01 2.229299363057324901e-01 1.000000000000000000e+00 1.000000000000000000e+00 1.000000000000000000e+00 1.000000000000000000e+00 1.000000000000000000e+00 1.000000000000000000e+00 1.000000000000000000e+00
2.101910828025477795e-01 6.369426751592357008e-03 1.000000000000000000e+00 1.000000000000000000e+00 1.000000000000000000e+00 1.000000000000000000e+00 1.000000000000000000e+00 1.000000000000000000e+00 1.000000000000000000e+00 1.000000000000000000e+00
4.458598726114649385e-02 1.000000000000000000e+00 1.000000000000000000e+00 1.000000000000000000e+00 1.000000000000000000e+00 1.000000000000000000e+00 1.000000000000000000e+00 1.000000000000000000e+00 1.000000000000000000e+00 1.000000000000000000e+00
