2.277227722772277307e-01 1.089108910891089105e-01 4.950495049504950729e-02 2.970297029702970160e-02 3.267326732673267453e-01 1.287128712871287162e-01 2.970297029702970160e-02 3.069306930693069257e-01 7.425742574257425677e-01 2.871287128712871062e-01
2.871287128712871062e-01 8.910891089108910479e-02 9.900990099009901110e-03 4.950495049504950729e-02 3.069306930693069257e-01 2.475247524752475226e-01 1.683168316831683275e-01 4.059405940594059681e-01 2.079207920792079112e-01 1.000000000000000000e+00
2.475247524752475226e-01 9.900990099009901110e-03 1.287128712871287162e-01 1.683168316831683275e-01 5.841584158415841221e-01 1.881188118811881194e-01 1.485148514851485080e-01 7.029702970297029285e-01 1.000000000000000000e+00 1.000000000000000000e+00
6.237623762376237613e-01 9.900990099009901110e-03 2.277227722772277307e-01 1.485148514851485080e-01 4.851485148514851353e-01 9.405940594059405413e-01 4.653465346534653713e-01 1.000000000000000000e+00 1.000000000000000000e+00 1.000000000000000000e+00
6.930693069306931298e-02 6.930693069306931298e-02 2.277227722772277307e-01 2.475247524752475226e-01 6.435643564356435808e-01 3.663366336633663289e-01 1.000000000000000000e+00 1.000000000000000000e+00 1.000000000000000000e+00 1.000000000000000000e+00
3.267326732673267453e-01 8.910891089108910479e-02 1.485148514851485080e-01 8.019801980198020264e-01 2.079207920792079112e-01 1.000000000000000000e+00 1.000000000000000000e+00 1.000000000000000000e+00 1.000000000000000000e+00 1.000000000000000000e+00
3.663366336633663289e-01 2.079207920792079112e-01 8.910891089108910479e-02 1.000000000000000000e+00 1.000000000000000000e+00 1.000000000000000000e+00 1.000000000000000000e+00 1.000000000000000000e+00 1.000000000000000000e+00 1.000000000000000000e+00
4.851485148514851353e-01 6.930693069306931298e-02 1.881188118811881194e-01 1.000000000000000000e+00 1.000000000000000000e+00 1.000000000000000000e+00 1.000000000000000000e+00 1.000000000000000000e+00 1.000000000000000000e+00 1.000000000000000000e+00
2.673267326732673421e-01 6.930693069306931298e-02 1.000000000000000000e+00 1.000000000000000000e+00 1.000000000000000000e+00 1.000000000000000000e+00 1.000000000000000000e+00 1.000000000000000000e+00 1.000000000000000000e+00 1.000000000000000000e+00
1.089108910891089105e-01 1.000000000000000000e+00 1.000000000000000000e+00 1.000000000000000000e+00 1.000000000000000000e+00 1.000000000000000000e+00 1.000000000000000000e+00 1.000000000000000000e+00 1.000000000000000000e+00 1.000000000000000000e+00
