1.428571428571428492e-01 2.666666666666666630e-01 0.000000000000000000e+00 4.761904761904761640e-02 1.809523809523809479e-01 5.047619047619047450e-01 5.809523809523809978e-01 1.000000000000000000e+00 1.238095238095238138e-01 3.809523809523809312e-01
3.333333333333333148e-01 1.523809523809523947e-01 4.476190476190476386e-01 6.476190476190476497e-01 2.761904761904762085e-01 1.333333333333333315e-01 2.666666666666666630e-01 2.952380952380952439e-01 4.285714285714285476e-01 1.000000000000000000e+00
2.000000000000000111e-01 5.904761904761904878e-01 5.523809523809524169e-01 3.238095238095238249e-01 1.047619047619047644e-01 6.476190476190476497e-01 3.238095238095238249e-01 1.238095238095238138e-01 1.000000000000000000e+00 1.000000000000000000e+00
3.714285714285714413e-01 2.571428571428571175e-01 2.666666666666666630e-01 1.047619047619047644e-01 4.857142857142857095e-01 2.666666666666666630e-01 4.857142857142857095e-01 1.000000000000000000e+00 1.000000000000000000e+00 1.000000000000000000e+00
7.428571428571428825e-01 4.571428571428571286e-01 5.904761904761904878e-01 2.000000000000000111e-01 4.571428571428571286e-01 4.952380952380952550e-01 1.000000000000000000e+00 1.000000000000000000e+00 1.000000000000000000e+00 1.000000000000000000e+00
6.190476190476190688e-01 5.619047619047619069e-01 6.761904761904762307e-01 2.285714285714285643e-01 5.238095238095238360e-01 1.000000000000000000e+00 1.000000000000000000e+00 1.000000000000000000e+00 1.000000000000000000e+00 1.000000000000000000e+00
5.047619047619047450e-01 4.666666666666666741e-01 3.523809523809524058e-01 2.095238095238095288e-01 1.000000000000000000e+00 1.000000000000000000e+00 1.000000000000000000e+00 1.000000000000000000e+00 1.000000000000000000e+00 1.000000000000000000e+00
4.571428571428571286e-01 3.047619047619047894e-01 4.190476190476190577e-01 1.000000000000000000e+00 1.000000000000000000e+00 1.000000000000000000e+00 1.000000000000000000e+00 1.000000000000000000e+00 1.000000000000000000e+00 1.000000000000000000e+00
6.571428571428571397e-01 1.238095238095238138e-01 1.000000000000000000e+00 1.000000000000000000e+00 1.000000000000000000e+00 1.000000000000000000e+00 1.000000000000000000e+00 1.000000000000000000e+00 1.000000000000000000e+00 1.000000000000000000e+00
3.238095238095238249e-01 1.000000000000000000e+00 1.000000000000000000e+00 1.000000000000000000e+00 1.000000000000000000e+00 1.000000000000000000e+00 1.000000000000000000e+00 1.000000000000000000e+00 1.000000000000000000e+00 1.000000000000000000e+00
