8.411214953271027583e-02 4.672897196261682068e-02 3.084112149532710068e-01 4.579439252336448551e-01 3.457943925233644689e-01 6.168224299065420135e-01 2.897196261682242757e-01 3.925233644859812965e-01 2.990654205607476412e-01 5.607476635514018204e-01
2.149532710280373793e-01 1.869158878504672827e-01 3.925233644859812965e-01 5.887850467289719170e-01 5.514018691588784549e-01 5.981308411214952825e-01 4.485981308411214896e-01 3.084112149532710068e-01 4.392523364485981241e-01 1.000000000000000000e+00
1.308411214953270896e-01 4.672897196261682068e-02 3.364485981308411033e-01 4.953271028037383172e-01 4.205607476635513930e-01 2.897196261682242757e-01 2.990654205607476412e-01 3.177570093457943723e-01 1.000000000000000000e+00 1.000000000000000000e+00
2.803738317757009310e-02 6.542056074766354479e-02 2.242990654205607448e-01 1.000000000000000000e+00 3.457943925233644689e-01 7.663551401869158619e-01 4.485981308411214896e-01 1.000000000000000000e+00 1.000000000000000000e+00 1.000000000000000000e+00
2.242990654205607448e-01 3.738317757009345516e-02 3.364485981308411033e-01 5.420560747663550893e-01 6.168224299065420135e-01 6.448598130841121101e-01 1.000000000000000000e+00 1.000000000000000000e+00 1.000000000000000000e+00 1.000000000000000000e+00
1.308411214953270896e-01 9.345794392523363789e-03 2.149532710280373793e-01 9.813084112149532690e-01 3.271028037383177378e-01 1.000000000000000000e+00 1.000000000000000000e+00 1.000000000000000000e+00 1.000000000000000000e+00 1.000000000000000000e+00
2.149532710280373793e-01 2.990654205607476412e-01 3.644859813084111999e-01 2.803738317757009102e-01 1.000000000000000000e+00 1.000000000000000000e+00 1.000000000000000000e+00 1.000000000000000000e+00 1.000000000000000000e+00 1.000000000000000000e+00
2.803738317757009310e-02 0.000000000000000000e+00 4.018691588785046620e-01 1.000000000000000000e+00 1.000000000000000000e+00 1.000000000000000000e+00 1.000000000000000000e+00 1.000000000000000000e+00 1.000000000000000000e+00 1.000000000000000000e+00
2.803738317757009102e-01 1.401869158878504551e-01 1.000000000000000000e+00 1.000000000000000000e+00 1.000000000000000000e+00 1.000000000000000000e+00 1.000000000000000000e+00 1.000000000000000000e+00 1.000000000000000000e+00 1.000000000000000000e+00
3.364485981308411033e-01 1.000000000000000000e+00 1.000000000000000000e+00 1.000000000000000000e+00 1.000000000000000000e+00 1.000000000000000000e+00 1.000000000000000000e+00 1.000000000000000000e+00 1.000000000000000000e+00 1.000000000000000000e+00
