3.731343283582089776e-01 1.940298507462686617e-01 6.417910447761193682e-01 1.000000000000000000e+00 1.343283582089552231e-01 7.313432835820895539e-01 7.313432835820895539e-01 8.059701492537313383e-01 1.791044776119402882e-01 7.611940298507462455e-01
3.134328358208955390e-01 1.940298507462686617e-01 9.104477611940298143e-01 1.194029850746268634e-01 9.104477611940298143e-01 6.567164179104477695e-01 4.626865671641791078e-01 8.358208955223880299e-01 6.567164179104477695e-01 1.000000000000000000e+00
4.626865671641791078e-01 1.940298507462686617e-01 3.283582089552238847e-01 5.074626865671642006e-01 8.656716417910447214e-01 5.373134328358208922e-01 7.761194029850746468e-01 7.462686567164178442e-02 1.000000000000000000e+00 1.000000000000000000e+00
3.731343283582089776e-01 1.940298507462686617e-01 4.477611940298507204e-02 4.776119402985074536e-01 2.238805970149253810e-01 2.238805970149253810e-01 5.223880597014924909e-01 1.000000000000000000e+00 1.000000000000000000e+00 1.000000000000000000e+00
2.985074626865671585e-02 1.940298507462686617e-01 2.686567164179104461e-01 1.492537313432835792e-02 3.134328358208955390e-01 4.626865671641791078e-01 1.000000000000000000e+00 1.000000000000000000e+00 1.000000000000000000e+00 1.000000000000000000e+00
1.194029850746268634e-01 1.940298507462686617e-01 2.835820895522387919e-01 3.731343283582089776e-01 2.985074626865671377e-01 1.000000000000000000e+00 1.000000000000000000e+00 1.000000000000000000e+00 1.000000000000000000e+00 1.000000000000000000e+00
4.029850746268656692e-01 1.940298507462686617e-01 3.134328358208955390e-01 7.462686567164178442e-02 1.000000000000000000e+00 1.000000000000000000e+00 1.000000000000000000e+00 1.000000000000000000e+00 1.000000000000000000e+00 1.000000000000000000e+00
2.238805970149253810e-01 3.432835820895522305e-01 0.000000000000000000e+00 1.000000000000000000e+00 1.000000000000000000e+00 1.000000000000000000e+00 1.000000000000000000e+00 1.000000000000000000e+00 1.000000000000000000e+00 1.000000000000000000e+00
2.985074626865671377e-01 2.686567164179104461e-01 1.000000000000000000e+00 1.000000000000000000e+00 1.000000000000000000e+00 1.000000000000000000e+00 1.000000000000000000e+00 1.000000000000000000e+00 1.000000000000000000e+00 1.000000000000000000e+00
7.462686567164178442e-02 1.000000000000000000e+00 1.000000000000000000e+00 1.000000000000000000e+00 1.000000000000000000e+00 1.000000000000000000e+00 1.000000000000000000e+00 1.000000000000000000e+00 1.000000000000000000e+00 1.000000000000000000e+00
