4.962962962962962910e-01 5.999999999999999778e-01 8.074074074074074625e-01 9.407407407407407662e-01 6.888888888888888840e-01 4.074074074074073848e-01 3.333333333333333148e-01 4.518518518518518379e-01 5.407407407407407440e-01 4.370370370370370572e-01
2.148148148148148195e-01 2.888888888888888618e-01 7.185185185185185563e-01 3.777777777777777679e-01 8.962962962962962576e-01 4.074074074074073848e-01 4.370370370370370572e-01 7.185185185185185563e-01 2.888888888888888618e-01 1.000000000000000000e+00
3.925925925925926041e-01 8.222222222222221877e-01 3.777777777777777679e-01 2.148148148148148195e-01 5.407407407407407440e-01 7.037037037037037202e-01 8.148148148148148806e-02 4.518518518518518379e-01 1.000000000000000000e+00 1.000000000000000000e+00
8.814814814814815325e-01 6.888888888888888840e-01 2.000000000000000111e-01 3.777777777777777679e-01 7.333333333333332815e-01 4.370370370370370572e-01 4.814814814814814548e-01 1.000000000000000000e+00 1.000000000000000000e+00 1.000000000000000000e+00
2.444444444444444364e-01 4.814814814814814548e-01 7.925925925925926263e-01 2.740740740740740811e-01 6.592592592592592116e-01 3.037037037037036979e-01 1.000000000000000000e+00 1.000000000000000000e+00 1.000000000000000000e+00 1.000000000000000000e+00
6.148148148148148140e-01 6.740740740740740478e-01 5.851851851851851416e-01 1.000000000000000000e+00 5.851851851851851416e-01 1.000000000000000000e+00 1.000000000000000000e+00 1.000000000000000000e+00 1.000000000000000000e+00 1.000000000000000000e+00
4.074074074074073848e-01 4.370370370370370572e-01 3.925925925925926041e-01 7.777777777777777901e-01 1.000000000000000000e+00 1.000000000000000000e+00 1.000000000000000000e+00 1.000000000000000000e+00 1.000000000000000000e+00 1.000000000000000000e+00
3.703703703703703498e-02 2.296296296296296280e-01 4.814814814814814548e-01 1.000000000000000000e+00 1.000000000000000000e+00 1.000000000000000000e+00 1.000000000000000000e+00 1.000000000000000000e+00 1.000000000000000000e+00 1.000000000000000000e+00
2.296296296296296280e-01 8.222222222222221877e-01 1.000000000000000000e+00 1.000000000000000000e+00 1.000000000000000000e+00 1.000000000000000000e+00 1.000000000000000000e+00 1.000000000000000000e+00 1.000000000000000000e+00 1.000000000000000000e+00
1.407407407407407496e-01 1.000000000000000000e+00 1.000000000000000000e+00 1.000000000000000000e+00 1.000000000000000000e+00 1.000000000000000000e+00 1.000000000000000000e+00 1.000000000000000000e+00 1.000000000000000000e+00 1.000000000000000000e+00
