8.163265306122448328e-02 2.142857142857142738e-01 7.142857142857142461e-02 1.020408163265306145e-01 2.142857142857142738e-01 2.551020408163265363e-01 1.326530612244898044e-01 8.979591836734693855e-01 7.244897959183673741e-01 1.938775510204081565e-01
3.061224489795918297e-02 6.122448979591836593e-02 0.000000000000000000e+00 1.000000000000000000e+00 5.306122448979592177e-01 3.367346938775510057e-01 1.836734693877551117e-01 4.285714285714285476e-01 5.918367346938775420e-01 1.000000000000000000e+00
2.755102040816326259e-01 1.020408163265306145e-01 9.183673469387755584e-02 2.244897959183673464e-01 6.938775510204081565e-01 1.224489795918367319e-01 1.326530612244898044e-01 4.693877551020408379e-01 1.000000000000000000e+00 1.000000000000000000e+00
2.244897959183673464e-01 2.346938775510204189e-01 8.877551020408163129e-01 2.959183673469387710e-01 5.408163265306122902e-01 1.530612244897959218e-01 1.530612244897959218e-01 1.000000000000000000e+00 1.000000000000000000e+00 1.000000000000000000e+00
5.102040816326530726e-02 1.326530612244898044e-01 1.224489795918367319e-01 5.612244897959183243e-01 1.836734693877551117e-01 3.673469387755102233e-01 1.000000000000000000e+00 1.000000000000000000e+00 1.000000000000000000e+00 1.000000000000000000e+00
9.183673469387755584e-02 7.142857142857142461e-02 1.122448979591836732e-01 1.122448979591836732e-01 4.591836734693877653e-01 1.000000000000000000e+00 1.000000000000000000e+00 1.000000000000000000e+00 1.000000000000000000e+00 1.000000000000000000e+00
1.020408163265306145e-01 1.632653061224489666e-01 3.367346938775510057e-01 5.204081632653061451e-01 1.000000000000000000e+00 1.000000000000000000e+00 1.000000000000000000e+00 1.000000000000000000e+00 1.000000000000000000e+00 1.000000000000000000e+00
3.061224489795918297e-02 1.326530612244898044e-01 2.551020408163265363e-01 1.000000000000000000e+00 1.000000000000000000e+00 1.000000000000000000e+00 1.000000000000000000e+00 1.000000000000000000e+00 1.000000000000000000e+00 1.000000000000000000e+00
3.367346938775510057e-01 3.877551020408163129e-01 1.000000000000000000e+00 1.000000000000000000e+00 1.000000000000000000e+00 1.000000000000000000e+00 1.000000000000000000e+00 1.000000000000000000e+00 1.000000000000000000e+00 1.000000000000000000e+00
2.448979591836734637e-01 1.000000000000000000e+00 1.000000000000000000e+00 1.000000000000000000e+00 1.000000000000000000e+00 1.000000000000000000e+00 1.000000000000000000e+00 1.000000000000000000e+00 1.000000000000000000e+00 1.000000000000000000e+00
