8.064516129032257841e-02 9.677419354838709409e-02 1.129032258064516098e-01 1.129032258064516098e-01 4.838709677419354704e-02 8.064516129032257841e-02 3.870967741935483764e-01 3.225806451612903136e-02 2.419354838709677491e-01 4.516129032258064391e-01
5.161290322580645018e-01 4.838709677419354704e-02 3.548387096774193727e-01 8.064516129032257841e-02 6.129032258064516236e-01 4.032258064516128782e-01 3.064516129032258118e-01 3.548387096774193727e-01 2.741935483870967527e-01 1.000000000000000000e+00
8.064516129032257841e-02 1.774193548387096864e-01 1.129032258064516098e-01 0.000000000000000000e+00 1.612903225806451568e-01 2.258064516129032195e-01 3.064516129032258118e-01 5.967741935483871218e-01 1.000000000000000000e+00 1.000000000000000000e+00
1.612903225806451568e-01 1.129032258064516098e-01 8.064516129032257841e-02 1.612903225806451568e-01 1.129032258064516098e-01 1.774193548387096864e-01 6.774193548387096309e-01 1.000000000000000000e+00 1.000000000000000000e+00 1.000000000000000000e+00
1.000000000000000000e+00 1.612903225806451568e-02 9.677419354838709409e-02 8.709677419354838745e-01 4.677419354838709409e-01 2.580645161290322509e-01 1.000000000000000000e+00 1.000000000000000000e+00 1.000000000000000000e+00 1.000000000000000000e+00
3.225806451612903136e-01 3.064516129032258118e-01 1.451612903225806550e-01 2.258064516129032195e-01 2.580645161290322509e-01 1.000000000000000000e+00 1.000000000000000000e+00 1.000000000000000000e+00 1.000000000000000000e+00 1.000000000000000000e+00
2.580645161290322509e-01 5.161290322580645018e-01 1.774193548387096864e-01 4.677419354838709409e-01 1.000000000000000000e+00 1.000000000000000000e+00 1.000000000000000000e+00 1.000000000000000000e+00 1.000000000000000000e+00 1.000000000000000000e+00
1.612903225806451568e-01 2.258064516129032195e-01 1.612903225806451568e-01 1.000000000000000000e+00 1.000000000000000000e+00 1.000000000000000000e+00 1.000000000000000000e+00 1.000000000000000000e+00 1.000000000000000000e+00 1.000000000000000000e+00
3.709677419354838745e-01 1.774193548387096864e-01 1.000000000000000000e+00 1.000000000000000000e+00 1.000000000000000000e+00 1.000000000000000000e+00 1.000000000000000000e+00 1.000000000000000000e+00 1.000000000000000000e+00 1.000000000000000000e+00
3.548387096774193727e-01 1.000000000000000000e+00 1.000000000000000000e+00 1.000000000000000000e+00 1.000000000000000000e+00 1.000000000000000000e+00 1.000000000000000000e+00 1.000000000000000000e+00 1.000000000000000000e+00 1.000000000000000000e+00
