8.333333333333332871e-02 4.583333333333333148e-01 4.027777777777777901e-01 3.055555555555555802e-01 2.777777777777777901e-01 1.250000000000000000e-01 2.916666666666666852e-01 6.944444444444444753e-02 3.472222222222222099e-01 1.000000000000000000e+00
4.305555555555555802e-01 2.777777777777777901e-01 1.250000000000000000e-01 0.000000000000000000e+00 3.472222222222222099e-01 6.250000000000000000e-01 4.166666666666666852e-01 5.277777777777777901e-01 2.083333333333333426e-01 1.000000000000000000e+00
3.611111111111111049e-01 4.166666666666666852e-01 2.777777777777777901e-01 4.166666666666666852e-01 8.472222222222222099e-01 3.055555555555555802e-01 8.055555555555555802e-01 4.722222222222222099e-01 1.000000000000000000e+00 1.000000000000000000e+00
2.083333333333333426e-01 2.222222222222222099e-01 4.722222222222222099e-01 3.055555555555555802e-01 5.138888888888888395e-01 6.250000000000000000e-01 1.666666666666666574e-01 1.000000000000000000e+00 1.000000000000000000e+00 1.000000000000000000e+00
4.305555555555555802e-01 6.527777777777777901e-01 1.111111111111111049e-01 7.916666666666666297e-01 5.833333333333333703e-01 4.166666666666666852e-01 1.000000000000000000e+00 1.000000000000000000e+00 1.000000000000000000e+00 1.000000000000000000e+00
3.888888888888888951e-01 6.944444444444444753e-02 4.166666666666666435e-02 9.722222222222222376e-02 4.722222222222222099e-01 1.000000000000000000e+00 1.000000000000000000e+00 1.000000000000000000e+00 1.000000000000000000e+00 1.000000000000000000e+00
5.277777777777777901e-01 2.500000000000000000e-01 1.944444444444444475e-01 8.055555555555555802e-01 1.000000000000000000e+00 1.000000000000000000e+00 1.000000000000000000e+00 1.000000000000000000e+00 1.000000000000000000e+00 1.000000000000000000e+00
3.055555555555555802e-01 1.111111111111111049e-01 8.333333333333332871e-02 1.000000000000000000e+00 1.000000000000000000e+00 1.000000000000000000e+00 1.000000000000000000e+00 1.000000000000000000e+00 1.000000000000000000e+00 1.000000000000000000e+00
4.583333333333333148e-01 1.111111111111111049e-01 1.000000000000000000e+00 1.000000000000000000e+00 1.000000000000000000e+00 1.000000000000000000e+00 1.000000000000000000e+00 1.000000000000000000e+00 1.000000000000000000e+00 1.000000000000000000e+00
1.805555555555555525e-01 1.000000000000000000e+00 1.000000000000000000e+00 1.000000000000000000e+00 1.000000000000000000e+00 1.000000000000000000e+00 1.000000000000000000e+00 1.000000000000000000e+00 1.000000000000000000e+00 1.000000000000000000e+00
