3.826086956521739246e-01 6.956521739130434867e-02 1.739130434782608717e-02 3.130434782608695898e-01 4.956521739130435034e-01 4.260869565217391131e-01 3.304347826086956319e-01 3.217391304347825831e-01 3.739130434782608758e-01 3.391304347826086807e-01
2.956521739130434923e-01 8.695652173913043584e-03 1.739130434782608717e-02 3.565217391304347783e-01 3.304347826086956319e-01 3.391304347826086807e-01 4.260869565217391131e-01 3.130434782608695898e-01 3.652173913043478271e-01 1.000000000000000000e+00
7.130434782608695565e-01 0.000000000000000000e+00 1.913043478260869623e-01 4.000000000000000222e-01 2.956521739130434923e-01 3.478260869565217295e-01 3.913043478260869734e-01 3.304347826086956319e-01 1.000000000000000000e+00 1.000000000000000000e+00
6.782608695652173614e-01 4.347826086956521618e-01 4.869565217391304546e-01 7.739130434782608425e-01 6.347826086956521729e-01 3.130434782608695898e-01 5.478260869565216851e-01 1.000000000000000000e+00 1.000000000000000000e+00 1.000000000000000000e+00
2.869565217391304435e-01 4.347826086956521618e-02 4.695652173913043570e-01 5.999999999999999778e-01 1.000000000000000000e+00 8.695652173913043237e-01 1.000000000000000000e+00 1.000000000000000000e+00 1.000000000000000000e+00 1.000000000000000000e+00
3.217391304347825831e-01 1.652173913043478160e-01 2.347826086956521785e-01 5.739130434782608869e-01 5.478260869565216851e-01 1.000000000000000000e+00 1.000000000000000000e+00 1.000000000000000000e+00 1.000000000000000000e+00 1.000000000000000000e+00
3.217391304347825831e-01 6.956521739130434867e-02 2.086956521739130321e-01 3.739130434782608758e-01 1.000000000000000000e+00 1.000000000000000000e+00 1.000000000000000000e+00 1.000000000000000000e+00 1.000000000000000000e+00 1.000000000000000000e+00
2.521739130434782483e-01 5.043478260869564966e-01 2.347826086956521785e-01 1.000000000000000000e+00 1.000000000000000000e+00 1.000000000000000000e+00 1.000000000000000000e+00 1.000000000000000000e+00 1.000000000000000000e+00 1.000000000000000000e+00
3.043478260869565410e-01 5.043478260869564966e-01 1.000000000000000000e+00 1.000000000000000000e+00 1.000000000000000000e+00 1.000000000000000000e+00 1.000000000000000000e+00 1.000000000000000000e+00 1.000000000000000000e+00 1.000000000000000000e+00
2.521739130434782483e-01 1.000000000000000000e+00 1.000000000000000000e+00 1.000000000000000000e+00 1.000000000000000000e+00 1.000000000000000000e+00 1.000000000000000000e+00 1.000000000000000000e+00 1.000000000000000000e+00 1.000000000000000000e+00
