0.000000000000000000e+00 2.235294117647058931e-01 4.705882352941176405e-01 1.882352941176470562e-01 8.941176470588235725e-01 8.117647058823529438e-01 5.647058823529411686e-01 1.764705882352941291e-01 4.470588235294117863e-01 9.058823529411764719e-01
2.823529411764705843e-01 8.235294117647058709e-02 4.235294117647058765e-01 2.352941176470588203e-01 4.235294117647058765e-01 3.411764705882353033e-01 7.294117647058823151e-01 2.823529411764705843e-01 2.941176470588235392e-01 1.000000000000000000e+00
2.235294117647058931e-01 2.941176470588235392e-01 5.058823529411764497e-01 5.294117647058823595e-01 5.882352941176470784e-01 8.235294117647058432e-01 5.529411764705882693e-01 2.117647058823529382e-01 1.000000000000000000e+00 1.000000000000000000e+00
1.647058823529411742e-01 2.352941176470588203e-02 4.352941176470588314e-01 8.470588235294117530e-01 5.999999999999999778e-01 5.058823529411764497e-01 1.000000000000000000e+00 1.000000000000000000e+00 1.000000000000000000e+00 1.000000000000000000e+00
2.117647058823529382e-01 8.235294117647058709e-02 4.352941176470588314e-01 3.294117647058823484e-01 6.588235294117646967e-01 5.294117647058823595e-01 1.000000000000000000e+00 1.000000000000000000e+00 1.000000000000000000e+00 1.000000000000000000e+00
2.588235294117647300e-01 1.294117647058823650e-01 5.294117647058823595e-01 3.647058823529411575e-01 7.294117647058823151e-01 1.000000000000000000e+00 1.000000000000000000e+00 1.000000000000000000e+00 1.000000000000000000e+00 1.000000000000000000e+00
3.294117647058823484e-01 1.647058823529411742e-01 4.705882352941176405e-01 5.294117647058823595e-01 1.000000000000000000e+00 1.000000000000000000e+00 1.000000000000000000e+00 1.000000000000000000e+00 1.000000000000000000e+00 1.000000000000000000e+00
4.588235294117646856e-01 2.000000000000000111e-01 4.235294117647058765e-01 1.000000000000000000e+00 1.000000000000000000e+00 1.000000000000000000e+00 1.000000000000000000e+00 1.000000000000000000e+00 1.000000000000000000e+00 1.000000000000000000e+00
4.000000000000000222e-01 0.000000000000000000e+00 1.000000000000000000e+00 1.000000000000000000e+00 1.000000000000000000e+00 1.000000000000000000e+00 1.000000000000000000e+00 1.000000000000000000e+00 1.000000000000000000e+00 1.000000000000000000e+00
2.705882352941176294e-01 1.000000000000000000e+00 1.000000000000000000e+00 1.000000000000000000e+00 1.000000000000000000e+00 1.000000000000000000e+00 1.000000000000000000e+00 1.000000000000000000e+00 1.000000000000000000e+00 1.000000000000000000e+00
