5.942028985507246119e-01 5.797101449275362389e-02 5.507246376811594235e-01 6.521739130434782705e-01 3.623188405797101441e-01 7.391304347826086474e-01 8.260869565217391353e-01 7.101449275362319291e-01 3.333333333333333148e-01 5.507246376811594235e-01
2.028985507246376940e-01 6.231884057971014412e-01 4.492753623188405765e-01 2.318840579710144956e-01 4.202898550724637472e-01 3.043478260869565410e-01 5.217391304347825942e-01 4.202898550724637472e-01 6.521739130434782705e-01 1.000000000000000000e+00
2.318840579710144956e-01 4.492753623188405765e-01 4.347826086956521618e-01 4.202898550724637472e-01 3.333333333333333148e-01 3.768115942028985588e-01 4.927536231884058204e-01 2.753623188405797118e-01 1.000000000000000000e+00 1.000000000000000000e+00
4.347826086956521618e-01 6.086956521739130821e-01 4.782608695652174058e-01 6.811594202898550998e-01 6.956521739130434590e-01 2.753623188405797118e-01 5.217391304347825942e-01 1.000000000000000000e+00 1.000000000000000000e+00 1.000000000000000000e+00
0.000000000000000000e+00 3.188405797101449002e-01 1.000000000000000000e+00 1.449275362318840632e-01 7.971014492753623060e-01 8.695652173913043237e-01 1.000000000000000000e+00 1.000000000000000000e+00 1.000000000000000000e+00 1.000000000000000000e+00
2.608695652173912971e-01 4.782608695652174058e-01 5.797101449275362528e-01 6.666666666666666297e-01 7.826086956521739468e-01 1.000000000000000000e+00 1.000000000000000000e+00 1.000000000000000000e+00 1.000000000000000000e+00 1.000000000000000000e+00
2.463768115942029102e-01 2.463768115942029102e-01 2.898550724637681264e-01 5.507246376811594235e-01 1.000000000000000000e+00 1.000000000000000000e+00 1.000000000000000000e+00 1.000000000000000000e+00 1.000000000000000000e+00 1.000000000000000000e+00
3.043478260869565410e-01 3.043478260869565410e-01 7.101449275362319291e-01 1.000000000000000000e+00 1.000000000000000000e+00 1.000000000000000000e+00 1.000000000000000000e+00 1.000000000000000000e+00 1.000000000000000000e+00 1.000000000000000000e+00
3.623188405797101441e-01 4.347826086956521618e-01 1.000000000000000000e+00 1.000000000000000000e+00 1.000000000000000000e+00 1.000000000000000000e+00 1.000000000000000000e+00 1.000000000000000000e+00 1.000000000000000000e+00 1.000000000000000000e+00
8.115942028985507761e-01 1.000000000000000000e+00 1.000000000000000000e+00 1.000000000000000000e+00 1.000000000000000000e+00 1.000000000000000000e+00 1.000000000000000000e+00 1.000000000000000000e+00 1.000000000000000000e+00 1.000000000000000000e+00
