6.451612903225806273e-02 3.225806451612903136e-01 3.387096774193548154e-01 4.354838709677419373e-01 2.580645161290322509e-01 4.032258064516128782e-01 4.193548387096774355e-01 3.870967741935483764e-01 4.032258064516128782e-01 4.516129032258064391e-01
0.000000000000000000e+00 3.709677419354838745e-01 1.774193548387096864e-01 7.419354838709677491e-01 5.000000000000000000e-01 3.387096774193548154e-01 4.032258064516128782e-01 8.709677419354838745e-01 4.516129032258064391e-01 1.000000000000000000e+00
3.548387096774193727e-01 6.451612903225806273e-01 5.806451612903226200e-01 4.516129032258064391e-01 3.064516129032258118e-01 4.516129032258064391e-01 4.516129032258064391e-01 5.645161290322581182e-01 1.000000000000000000e+00 1.000000000000000000e+00
2.580645161290322509e-01 2.580645161290322509e-01 3.387096774193548154e-01 3.548387096774193727e-01 6.129032258064516236e-01 5.806451612903226200e-01 3.225806451612903136e-01 1.000000000000000000e+00 1.000000000000000000e+00 1.000000000000000000e+00
1.451612903225806550e-01 3.225806451612903136e-01 2.903225806451613100e-01 4.193548387096774355e-01 4.677419354838709409e-01 5.322580645161290036e-01 1.000000000000000000e+00 1.000000000000000000e+00 1.000000000000000000e+00 1.000000000000000000e+00
9.193548387096773800e-01 7.580645161290322509e-01 7.580645161290322509e-01 8.064516129032257563e-01 9.354838709677418818e-01 1.000000000000000000e+00 1.000000000000000000e+00 1.000000000000000000e+00 1.000000000000000000e+00 1.000000000000000000e+00
4.516129032258064391e-01 5.322580645161290036e-01 5.645161290322581182e-01 8.709677419354838745e-01 1.000000000000000000e+00 1.000000000000000000e+00 1.000000000000000000e+00 1.000000000000000000e+00 1.000000000000000000e+00 1.000000000000000000e+00
9.677419354838709964e-01 1.000000000000000000e+00 5.322580645161290036e-01 1.000000000000000000e+00 1.000000000000000000e+00 1.000000000000000000e+00 1.000000000000000000e+00 1.000000000000000000e+00 1.000000000000000000e+00 1.000000000000000000e+00
5.645161290322581182e-01 2.903225806451613100e-01 1.000000000000000000e+00 1.000000000000000000e+00 1.000000000000000000e+00 1.000000000000000000e+00 1.000000000000000000e+00 1.000000000000000000e+00 1.000000000000000000e+00 1.000000000000000000e+00
4.193548387096774355e-01 1.000000000000000000e+00 1.000000000000000000e+00 1.000000000000000000e+00 1.000000000000000000e+00 1.000000000000000000e+00 1.000000000000000000e+00 1.000000000000000000e+00 1.000000000000000000e+00 1.000000000000000000e+00
