3.406593406593406703e-01 2.967032967032967039e-01 3.406593406593406703e-01 1.538461538461538547e-01 2.087912087912087988e-01 4.505494505494505586e-01 4.725274725274725141e-01 1.000000000000000000e+00 4.835164835164835195e-01 3.626373626373626258e-01
0.000000000000000000e+00 2.087912087912087988e-01 2.197802197802197766e-01 2.967032967032967039e-01 3.736263736263736313e-01 8.901098901098900562e-01 1.978021978021977934e-01 2.197802197802197766e-01 2.307692307692307820e-01 1.000000000000000000e+00
2.197802197802197974e-02 1.538461538461538547e-01 2.637362637362637430e-01 1.648351648351648324e-01 4.175824175824175977e-01 3.076923076923077094e-01 7.142857142857143016e-01 3.186813186813186594e-01 1.000000000000000000e+00 1.000000000000000000e+00
4.395604395604395948e-02 2.087912087912087988e-01 2.857142857142856984e-01 1.318681318681318715e-01 9.560439560439560891e-01 6.813186813186813406e-01 5.054945054945054750e-01 1.000000000000000000e+00 1.000000000000000000e+00 1.000000000000000000e+00
3.296703296703296787e-02 2.527472527472527375e-01 1.978021978021977934e-01 1.538461538461538547e-01 8.131868131868131844e-01 1.978021978021977934e-01 1.000000000000000000e+00 1.000000000000000000e+00 1.000000000000000000e+00 1.000000000000000000e+00
9.890109890109889668e-02 1.758241758241758379e-01 2.527472527472527375e-01 4.505494505494505586e-01 1.758241758241758379e-01 1.000000000000000000e+00 1.000000000000000000e+00 1.000000000000000000e+00 1.000000000000000000e+00 1.000000000000000000e+00
6.593406593406593574e-02 1.098901098901098883e-01 4.505494505494505586e-01 1.538461538461538547e-01 1.000000000000000000e+00 1.000000000000000000e+00 1.000000000000000000e+00 1.000000000000000000e+00 1.000000000000000000e+00 1.000000000000000000e+00
3.296703296703296787e-02 5.934065934065934078e-01 5.054945054945054750e-01 1.000000000000000000e+00 1.000000000000000000e+00 1.000000000000000000e+00 1.000000000000000000e+00 1.000000000000000000e+00 1.000000000000000000e+00 1.000000000000000000e+00
3.296703296703296648e-01 3.956043956043955867e-01 1.000000000000000000e+00 1.000000000000000000e+00 1.000000000000000000e+00 1.000000000000000000e+00 1.000000000000000000e+00 1.000000000000000000e+00 1.000000000000000000e+00 1.000000000000000000e+00
6.593406593406593574e-02 1.000000000000000000e+00 1.000000000000000000e+00 1.000000000000000000e+00 1.000000000000000000e+00 1.000000000000000000e+00 1.000000000000000000e+00 1.000000000000000000e+00 1.000000000000000000e+00 1.000000000000000000e+00
