1.238095238095238138e-01 1.428571428571428492e-01 9.523809523809524669e-03 9.238095238095238582e-01 5.619047619047619069e-01 5.619047619047619069e-01 2.190476190476190466e-01 2.952380952380952439e-01 1.238095238095238138e-01 8.571428571428571508e-02
3.714285714285714413e-01 2.952380952380952439e-01 5.428571428571428159e-01 2.857142857142857054e-02 8.571428571428571508e-02 1.428571428571428492e-01 4.761904761904761640e-02 8.571428571428571508e-02 3.333333333333333148e-01 1.000000000000000000e+00
2.952380952380952439e-01 1.047619047619047644e-01 1.619047619047619124e-01 5.619047619047619069e-01 2.190476190476190466e-01 8.285714285714286254e-01 3.714285714285714413e-01 1.619047619047619124e-01 1.000000000000000000e+00 1.000000000000000000e+00
2.761904761904762085e-01 2.571428571428571175e-01 5.047619047619047450e-01 3.904761904761904767e-01 2.190476190476190466e-01 6.380952380952380487e-01 5.428571428571428159e-01 1.000000000000000000e+00 1.000000000000000000e+00 1.000000000000000000e+00
1.428571428571428492e-01 2.380952380952380820e-01 1.000000000000000000e+00 1.809523809523809479e-01 8.571428571428571508e-02 2.190476190476190466e-01 1.000000000000000000e+00 1.000000000000000000e+00 1.000000000000000000e+00 1.000000000000000000e+00
1.619047619047619124e-01 3.333333333333333148e-01 4.476190476190476386e-01 4.476190476190476386e-01 3.333333333333333148e-01 1.000000000000000000e+00 1.000000000000000000e+00 1.000000000000000000e+00 1.000000000000000000e+00 1.000000000000000000e+00
2.761904761904762085e-01 2.000000000000000111e-01 1.619047619047619124e-01 3.523809523809524058e-01 1.000000000000000000e+00 1.000000000000000000e+00 1.000000000000000000e+00 1.000000000000000000e+00 1.000000000000000000e+00 1.000000000000000000e+00
2.761904761904762085e-01 3.142857142857142794e-01 6.380952380952380487e-01 1.000000000000000000e+00 1.000000000000000000e+00 1.000000000000000000e+00 1.000000000000000000e+00 1.000000000000000000e+00 1.000000000000000000e+00 1.000000000000000000e+00
2.571428571428571175e-01 2.952380952380952439e-01 1.000000000000000000e+00 1.000000000000000000e+00 1.000000000000000000e+00 1.000000000000000000e+00 1.000000000000000000e+00 1.000000000000000000e+00 1.000000000000000000e+00 1.000000000000000000e+00
1.809523809523809479e-01 1.000000000000000000e+00 1.000000000000000000e+00 1.000000000000000000e+00 1.000000000000000000e+00 1.000000000000000000e+00 1.000000000000000000e+00 1.000000000000000000e+00 1.000000000000000000e+00 1.000000000000000000e+00
