2.857142857142856984e-01 9.428571428571428381e-01 4.428571428571428381e-01 1.285714285714285587e-01 2.142857142857142738e-01 2.857142857142856984e-01 5.714285714285713969e-01 3.571428571428571508e-01 5.999999999999999778e-01 3.857142857142857317e-01
7.142857142857143016e-01 4.000000000000000222e-01 6.285714285714285587e-01 7.142857142857142461e-02 8.285714285714286254e-01 3.714285714285714413e-01 1.857142857142857206e-01 1.000000000000000056e-01 6.571428571428571397e-01 1.000000000000000000e+00
1.000000000000000000e+00 6.142857142857143238e-01 6.285714285714285587e-01 2.142857142857142738e-01 2.428571428571428548e-01 4.571428571428571286e-01 7.857142857142856984e-01 6.857142857142857206e-01 1.000000000000000000e+00 1.000000000000000000e+00
9.857142857142857650e-01 3.714285714285714413e-01 7.714285714285714635e-01 2.428571428571428548e-01 2.285714285714285643e-01 3.714285714285714413e-01 7.142857142857142461e-02 1.000000000000000000e+00 1.000000000000000000e+00 1.000000000000000000e+00
2.714285714285714080e-01 0.000000000000000000e+00 2.000000000000000111e-01 3.428571428571428603e-01 5.000000000000000000e-01 6.857142857142857206e-01 1.000000000000000000e+00 1.000000000000000000e+00 1.000000000000000000e+00 1.000000000000000000e+00
2.857142857142856984e-01 4.571428571428571286e-01 3.285714285714285698e-01 2.857142857142856984e-01 1.857142857142857206e-01 1.000000000000000000e+00 1.000000000000000000e+00 1.000000000000000000e+00 1.000000000000000000e+00 1.000000000000000000e+00
5.428571428571428159e-01 4.285714285714285476e-01 7.285714285714285365e-01 5.571428571428571619e-01 1.000000000000000000e+00 1.000000000000000000e+00 1.000000000000000000e+00 1.000000000000000000e+00 1.000000000000000000e+00 1.000000000000000000e+00
6.571428571428571397e-01 2.714285714285714080e-01 5.000000000000000000e-01 1.000000000000000000e+00 1.000000000000000000e+00 1.000000000000000000e+00 1.000000000000000000e+00 1.000000000000000000e+00 1.000000000000000000e+00 1.000000000000000000e+00
5.142857142857142350e-01 6.857142857142857206e-01 1.000000000000000000e+00 1.000000000000000000e+00 1.000000000000000000e+00 1.000000000000000000e+00 1.000000000000000000e+00 1.000000000000000000e+00 1.000000000000000000e+00 1.000000000000000000e+00
2.285714285714285643e-01 1.000000000000000000e+00 1.000000000000000000e+00 1.000000000000000000e+00 1.000000000000000000e+00 1.000000000000000000e+00 1.000000000000000000e+00 1.000000000000000000e+00 1.000000000000000000e+00 1.000000000000000000e+00
