2.605042016806722871e-01 2.100840336134453812e-01 1.260504201680672232e-01 2.521008403361344602e-02 1.092436974789915971e-01 9.243697478991597105e-02 2.605042016806722871e-01 1.260504201680672232e-01 3.949579831932772955e-01 1.428571428571428492e-01
4.621848739495798553e-01 2.521008403361344602e-02 9.243697478991597105e-02 5.294117647058823595e-01 9.243697478991597105e-02 2.941176470588235392e-01 1.764705882352941291e-01 1.260504201680672232e-01 3.949579831932772955e-01 1.000000000000000000e+00
2.941176470588235392e-01 9.243697478991597105e-02 3.109243697478991653e-01 3.277310924369747913e-01 1.932773109243697551e-01 6.134453781512605453e-01 8.403361344537814762e-03 1.596638655462184753e-01 1.000000000000000000e+00 1.000000000000000000e+00
5.126050420168066779e-01 8.403361344537814762e-03 5.294117647058823595e-01 2.436974789915966333e-01 2.436974789915966333e-01 2.268907563025210072e-01 1.000000000000000000e+00 1.000000000000000000e+00 1.000000000000000000e+00 1.000000000000000000e+00
7.563025210084033112e-02 1.764705882352941291e-01 2.941176470588235392e-01 2.773109243697479132e-01 7.563025210084033112e-02 4.201680672268907901e-02 1.000000000000000000e+00 1.000000000000000000e+00 1.000000000000000000e+00 1.000000000000000000e+00
3.781512605042016695e-01 2.268907563025210072e-01 3.109243697478991653e-01 8.403361344537814762e-03 8.403361344537814762e-03 1.000000000000000000e+00 1.000000000000000000e+00 1.000000000000000000e+00 1.000000000000000000e+00 1.000000000000000000e+00
5.462184873949579300e-01 4.957983193277311074e-01 2.521008403361344602e-02 4.789915966386554813e-01 1.000000000000000000e+00 1.000000000000000000e+00 1.000000000000000000e+00 1.000000000000000000e+00 1.000000000000000000e+00 1.000000000000000000e+00
2.100840336134453812e-01 8.403361344537814762e-03 4.201680672268907901e-02 1.000000000000000000e+00 1.000000000000000000e+00 1.000000000000000000e+00 1.000000000000000000e+00 1.000000000000000000e+00 1.000000000000000000e+00 1.000000000000000000e+00
6.134453781512605453e-01 2.941176470588235392e-01 1.000000000000000000e+00 1.000000000000000000e+00 1.000000000000000000e+00 1.000000000000000000e+00 1.000000000000000000e+00 1.000000000000000000e+00 1.000000000000000000e+00 1.000000000000000000e+00
9.243697478991597105e-02 1.000000000000000000e+00 1.000000000000000000e+00 1.000000000000000000e+00 1.000000000000000000e+00 1.000000000000000000e+00 1.000000000000000000e+00 1.000000000000000000e+00 1.000000000000000000e+00 1.000000000000000000e+00
