2.830188679245282946e-01 3.773584905660377631e-01 3.584905660377358250e-01 3.113207547169811185e-01 5.000000000000000000e-01 3.396226415094339424e-01 4.905660377358490587e-01 1.000000000000000000e+00 5.283018867924528239e-01 8.301886792452830566e-01
2.830188679245282946e-01 4.150943396226415283e-01 3.301886792452830011e-01 6.037735849056603543e-01 8.301886792452830566e-01 3.773584905660377631e-01 6.886792452830188260e-01 7.169811320754716499e-01 9.056603773584905870e-01 1.000000000000000000e+00
2.358490566037735880e-01 1.132075471698113234e-01 5.377358490566037652e-01 5.660377358490565891e-01 5.754716981132075304e-01 2.924528301886792359e-01 6.509433962264150608e-01 6.037735849056603543e-01 1.000000000000000000e+00 1.000000000000000000e+00
0.000000000000000000e+00 4.905660377358490587e-01 5.849056603773584717e-01 5.094339622641509413e-01 2.924528301886792359e-01 4.905660377358490587e-01 5.754716981132075304e-01 1.000000000000000000e+00 1.000000000000000000e+00 1.000000000000000000e+00
1.603773584905660299e-01 3.207547169811320598e-01 5.000000000000000000e-01 4.150943396226415283e-01 5.943396226415094130e-01 6.132075471698112956e-01 1.000000000000000000e+00 1.000000000000000000e+00 1.000000000000000000e+00 1.000000000000000000e+00
5.660377358490566169e-02 1.415094339622641473e-01 6.037735849056603543e-01 3.396226415094339424e-01 3.207547169811320598e-01 1.000000000000000000e+00 1.000000000000000000e+00 1.000000000000000000e+00 1.000000000000000000e+00 1.000000000000000000e+00
2.452830188679245293e-01 7.547169811320754429e-02 4.150943396226415283e-01 2.264150943396226467e-01 1.000000000000000000e+00 1.000000000000000000e+00 1.000000000000000000e+00 1.000000000000000000e+00 1.000000000000000000e+00 1.000000000000000000e+00
1.037735849056603821e-01 2.169811320754717054e-01 5.566037735849056478e-01 1.000000000000000000e+00 1.000000000000000000e+00 1.000000000000000000e+00 1.000000000000000000e+00 1.000000000000000000e+00 1.000000000000000000e+00 1.000000000000000000e+00
7.830188679245283501e-01 6.603773584905660299e-02 1.000000000000000000e+00 1.000000000000000000e+00 1.000000000000000000e+00 1.000000000000000000e+00 1.000000000000000000e+00 1.000000000000000000e+00 1.000000000000000000e+00 1.000000000000000000e+00
6.132075471698112956e-01 1.000000000000000000e+00 1.000000000000000000e+00 1.000000000000000000e+00 1.000000000000000000e+00 1.000000000000000000e+00 1.000000000000000000e+00 1.000000000000000000e+00 1.000000000000000000e+00 1.000000000000000000e+00
