5.607476635514018620e-02 2.242990654205607448e-01 2.149532710280373793e-01 4.672897196261682207e-01 4.672897196261682207e-01 2.616822429906541791e-01 3.364485981308411033e-01 1.962616822429906482e-01 6.822429906542055722e-01 3.738317757009345654e-01
0.000000000000000000e+00 3.457943925233644689e-01 3.551401869158878344e-01 4.485981308411214896e-01 3.084112149532710068e-01 2.056074766355140138e-01 1.869158878504672827e-01 3.551401869158878344e-01 4.859813084112149517e-01 1.000000000000000000e+00
2.897196261682242757e-01 1.869158878504672827e-01 6.728971962616822067e-01 2.523364485981308136e-01 5.140186915887849928e-01 4.392523364485981241e-01 2.803738317757009102e-01 7.009345794392523032e-01 1.000000000000000000e+00 1.000000000000000000e+00
3.738317757009345516e-02 2.149532710280373793e-01 2.803738317757009102e-01 3.644859813084111999e-01 2.897196261682242757e-01 4.392523364485981241e-01 1.000000000000000000e+00 1.000000000000000000e+00 1.000000000000000000e+00 1.000000000000000000e+00
8.411214953271027583e-02 3.925233644859812965e-01 2.990654205607476412e-01 3.644859813084111999e-01 3.925233644859812965e-01 2.710280373831775447e-01 1.000000000000000000e+00 1.000000000000000000e+00 1.000000000000000000e+00 1.000000000000000000e+00
3.738317757009345516e-02 3.457943925233644689e-01 2.710280373831775447e-01 4.018691588785046620e-01 4.953271028037383172e-01 1.000000000000000000e+00 1.000000000000000000e+00 1.000000000000000000e+00 1.000000000000000000e+00 1.000000000000000000e+00
3.457943925233644689e-01 2.056074766355140138e-01 3.177570093457943723e-01 2.242990654205607448e-01 1.000000000000000000e+00 1.000000000000000000e+00 1.000000000000000000e+00 1.000000000000000000e+00 1.000000000000000000e+00 1.000000000000000000e+00
1.588785046728971861e-01 2.523364485981308136e-01 2.336448598130841103e-01 1.000000000000000000e+00 1.000000000000000000e+00 1.000000000000000000e+00 1.000000000000000000e+00 1.000000000000000000e+00 1.000000000000000000e+00 1.000000000000000000e+00
1.588785046728971861e-01 3.271028037383177378e-01 1.000000000000000000e+00 1.000000000000000000e+00 1.000000000000000000e+00 1.000000000000000000e+00 1.000000000000000000e+00 1.000000000000000000e+00 1.000000000000000000e+00 1.000000000000000000e+00
1.869158878504672827e-01 1.000000000000000000e+00 1.000000000000000000e+00 1.000000000000000000e+00 1.000000000000000000e+00 1.000000000000000000e+00 1.000000000000000000e+00 1.000000000000000000e+00 1.000000000000000000e+00 1.000000000000000000e+00
