7.666666666666667185e-01 3.333333333333333148e-01 4.000000000000000222e-01 3.888888888888888951e-01 3.555555555555555691e-01 1.888888888888888840e-01 4.888888888888888729e-01 2.999999999999999889e-01 2.777777777777777901e-01 6.333333333333333037e-01
4.777777777777778012e-01 1.111111111111111049e-01 2.999999999999999889e-01 5.666666666666666519e-01 1.555555555555555580e-01 3.333333333333333148e-01 8.777777777777777679e-01 5.444444444444443976e-01 1.000000000000000000e+00 1.000000000000000000e+00
2.999999999999999889e-01 2.777777777777777901e-01 1.777777777777777846e-01 3.111111111111111160e-01 6.444444444444444864e-01 7.111111111111111382e-01 1.222222222222222182e-01 2.000000000000000111e-01 1.000000000000000000e+00 1.000000000000000000e+00
6.555555555555555580e-01 5.444444444444443976e-01 6.111111111111111605e-01 8.888888888888889228e-02 6.888888888888888840e-01 1.222222222222222182e-01 1.888888888888888840e-01 1.000000000000000000e+00 1.000000000000000000e+00 1.000000000000000000e+00
2.000000000000000111e-01 6.888888888888888840e-01 7.777777777777777901e-02 7.777777777777777901e-01 8.000000000000000444e-01 9.222222222222222765e-01 1.000000000000000000e+00 1.000000000000000000e+00 1.000000000000000000e+00 1.000000000000000000e+00
4.777777777777778012e-01 8.555555555555555136e-01 3.666666666666666408e-01 4.333333333333333481e-01 0.000000000000000000e+00 1.000000000000000000e+00 1.000000000000000000e+00 1.000000000000000000e+00 1.000000000000000000e+00 1.000000000000000000e+00
4.111111111111110938e-01 3.222222222222222432e-01 5.333333333333333259e-01 1.000000000000000056e-01 1.000000000000000000e+00 1.000000000000000000e+00 1.000000000000000000e+00 1.000000000000000000e+00 1.000000000000000000e+00 1.000000000000000000e+00
4.444444444444444198e-01 3.444444444444444420e-01 2.555555555555555358e-01 1.000000000000000000e+00 1.000000000000000000e+00 1.000000000000000000e+00 1.000000000000000000e+00 1.000000000000000000e+00 1.000000000000000000e+00 1.000000000000000000e+00
6.444444444444444864e-01 6.333333333333333037e-01 1.000000000000000000e+00 1.000000000000000000e+00 1.000000000000000000e+00 1.000000000000000000e+00 1.000000000000000000e+00 1.000000000000000000e+00 1.000000000000000000e+00 1.000000000000000000e+00
5.333333333333333259e-01 1.000000000000000000e+00 1.000000000000000000e+00 1.000000000000000000e+00 1.000000000000000000e+00 1.000000000000000000e+00 1.000000000000000000e+00 1.000000000000000000e+00 1.000000000000000000e+00 1.000000000000000000e+00
