3.292682926829268442e-01 2.439024390243902385e-01 5.975609756097560732e-01 3.780487804878048808e-01 6.097560975609755962e-02 8.658536585365853577e-01 7.195121951219511924e-01 9.268292682926829729e-01 1.341463414634146423e-01 6.951219512195121464e-01
3.414634146341463672e-01 2.926829268292682751e-01 1.000000000000000000e+00 2.195121951219512202e-01 4.878048780487804770e-01 4.634146341463414864e-01 2.073170731707316972e-01 9.268292682926829729e-01 8.414634146341463117e-01 1.000000000000000000e+00
3.292682926829268442e-01 3.902439024390244038e-01 2.560975609756097615e-01 2.439024390243902524e-02 1.951219512195122019e-01 8.048780487804878536e-01 4.390243902439024404e-01 2.073170731707316972e-01 1.000000000000000000e+00 1.000000000000000000e+00
2.804878048780488076e-01 5.731707317073170271e-01 5.975609756097560732e-01 7.195121951219511924e-01 3.780487804878048808e-01 7.560975609756097615e-01 6.341463414634146423e-01 1.000000000000000000e+00 1.000000000000000000e+00 1.000000000000000000e+00
2.317073170731707432e-01 1.463414634146341375e-01 6.097560975609755962e-01 4.756097560975609539e-01 7.317073170731707155e-01 7.804878048780488076e-01 1.000000000000000000e+00 1.000000000000000000e+00 1.000000000000000000e+00 1.000000000000000000e+00
3.536585365853658347e-01 4.878048780487804770e-01 1.829268292682926789e-01 1.219512195121951192e-01 3.780487804878048808e-01 1.000000000000000000e+00 1.000000000000000000e+00 1.000000000000000000e+00 1.000000000000000000e+00 1.000000000000000000e+00
3.658536585365853577e-01 0.000000000000000000e+00 5.731707317073170271e-01 4.756097560975609539e-01 1.000000000000000000e+00 1.000000000000000000e+00 1.000000000000000000e+00 1.000000000000000000e+00 1.000000000000000000e+00 1.000000000000000000e+00
4.146341463414633943e-01 5.365853658536585691e-01 8.170731707317072656e-01 1.000000000000000000e+00 1.000000000000000000e+00 1.000000000000000000e+00 1.000000000000000000e+00 1.000000000000000000e+00 1.000000000000000000e+00 1.000000000000000000e+00
5.731707317073170271e-01 2.439024390243902385e-01 1.000000000000000000e+00 1.000000000000000000e+00 1.000000000000000000e+00 1.000000000000000000e+00 1.000000000000000000e+00 1.000000000000000000e+00 1.000000000000000000e+00 1.000000000000000000e+00
4.146341463414633943e-01 1.000000000000000000e+00 1.000000000000000000e+00 1.000000000000000000e+00 1.000000000000000000e+00 1.000000000000000000e+00 1.000000000000000000e+00 1.000000000000000000e+00 1.000000000000000000e+00 1.000000000000000000e+00
