1.956521739130434867e-01 3.152173913043478382e-01 4.673913043478261087e-01 3.369565217391304324e-01 1.630434782608695676e-01 4.021739130434782705e-01 5.000000000000000000e-01 3.586956521739130266e-01 5.543478260869565410e-01 6.521739130434782705e-01
5.326086956521739468e-01 3.804347826086956763e-01 0.000000000000000000e+00 3.586956521739130266e-01 4.021739130434782705e-01 5.434782608695651884e-01 5.978260869565217295e-01 3.369565217391304324e-01 5.000000000000000000e-01 1.000000000000000000e+00
4.565217391304347561e-01 6.956521739130434590e-01 1.739130434782608647e-01 5.217391304347825942e-01 3.695652173913043237e-01 3.586956521739130266e-01 4.456521739130434590e-01 6.195652173913043237e-01 1.000000000000000000e+00 1.000000000000000000e+00
2.717391304347825942e-01 5.978260869565217295e-01 4.239130434782608647e-01 7.717391304347825942e-01 3.152173913043478382e-01 5.108695652173913526e-01 5.652173913043477826e-01 1.000000000000000000e+00 1.000000000000000000e+00 1.000000000000000000e+00
3.804347826086956763e-01 6.521739130434782705e-01 4.456521739130434590e-01 3.804347826086956763e-01 3.369565217391304324e-01 4.347826086956521618e-01 1.000000000000000000e+00 1.000000000000000000e+00 1.000000000000000000e+00 1.000000000000000000e+00
2.608695652173912971e-01 2.717391304347825942e-01 1.195652173913043514e-01 4.891304347826087029e-01 1.413043478260869457e-01 1.000000000000000000e+00 1.000000000000000000e+00 1.000000000000000000e+00 1.000000000000000000e+00 1.000000000000000000e+00
5.869565217391304879e-01 7.282608695652174058e-01 1.000000000000000000e+00 6.739130434782608647e-01 1.000000000000000000e+00 1.000000000000000000e+00 1.000000000000000000e+00 1.000000000000000000e+00 1.000000000000000000e+00 1.000000000000000000e+00
4.239130434782608647e-01 7.934782608695651884e-01 9.782608695652174058e-01 1.000000000000000000e+00 1.000000000000000000e+00 1.000000000000000000e+00 1.000000000000000000e+00 1.000000000000000000e+00 1.000000000000000000e+00 1.000000000000000000e+00
6.739130434782608647e-01 8.586956521739130821e-01 1.000000000000000000e+00 1.000000000000000000e+00 1.000000000000000000e+00 1.000000000000000000e+00 1.000000000000000000e+00 1.000000000000000000e+00 1.000000000000000000e+00 1.000000000000000000e+00
5.000000000000000000e-01 1.000000000000000000e+00 1.000000000000000000e+00 1.000000000000000000e+00 1.000000000000000000e+00 1.000000000000000000e+00 1.000000000000000000e+00 1.000000000000000000e+00 1.000000000000000000e+00 1.000000000000000000e+00
