3.837209302325581550e-01 7.906976744186046124e-01 5.930232558139535426e-01 6.046511627906976383e-01 0.000000000000000000e+00 4.534883720930232287e-01 5.348837209302325091e-01 9.534883720930232842e-01 4.302325581395348708e-01 4.418604651162790775e-01
7.093023255813953876e-01 7.093023255813953876e-01 8.720930232558139483e-01 6.976744186046511809e-01 9.534883720930232842e-01 6.744186046511627675e-01 5.000000000000000000e-01 6.162790697674418450e-01 4.534883720930232287e-01 1.000000000000000000e+00
2.674418604651162545e-01 4.534883720930232287e-01 3.023255813953488191e-01 8.139534883720930258e-01 4.418604651162790775e-01 2.558139534883721034e-01 7.906976744186046124e-01 6.279069767441860517e-01 1.000000000000000000e+00 1.000000000000000000e+00
7.325581395348836899e-01 4.651162790697674354e-01 6.162790697674418450e-01 6.162790697674418450e-01 4.883720930232557933e-01 8.720930232558139483e-01 6.162790697674418450e-01 1.000000000000000000e+00 1.000000000000000000e+00 1.000000000000000000e+00
6.511627906976744651e-01 4.534883720930232287e-01 4.534883720930232287e-01 6.279069767441860517e-01 6.627906976744185608e-01 3.604651162790697416e-01 1.000000000000000000e+00 1.000000000000000000e+00 1.000000000000000000e+00 1.000000000000000000e+00
6.744186046511627675e-01 4.302325581395348708e-01 6.976744186046511809e-01 7.441860465116278966e-01 4.069767441860465129e-01 1.000000000000000000e+00 1.000000000000000000e+00 1.000000000000000000e+00 1.000000000000000000e+00 1.000000000000000000e+00
5.581395348837209225e-01 5.581395348837209225e-01 8.720930232558139483e-01 6.744186046511627675e-01 1.000000000000000000e+00 1.000000000000000000e+00 1.000000000000000000e+00 1.000000000000000000e+00 1.000000000000000000e+00 1.000000000000000000e+00
6.976744186046511809e-01 1.000000000000000000e+00 7.674418604651163101e-01 1.000000000000000000e+00 1.000000000000000000e+00 1.000000000000000000e+00 1.000000000000000000e+00 1.000000000000000000e+00 1.000000000000000000e+00 1.000000000000000000e+00
6.511627906976744651e-01 6.395348837209302584e-01 1.000000000000000000e+00 1.000000000000000000e+00 1.000000000000000000e+00 1.000000000000000000e+00 1.000000000000000000e+00 1.000000000000000000e+00 1.000000000000000000e+00 1.000000000000000000e+00
6.162790697674418450e-01 1.000000000000000000e+00 1.000000000000000000e+00 1.000000000000000000e+00 1.000000000000000000e+00 1.000000000000000000e+00 1.000000000000000000e+00 1.000000000000000000e+00 1.000000000000000000e+00 1.000000000000000000e+00
