8.000000000000000167e-02 1.333333333333333419e-02 2.533333333333333548e-01 4.000000000000000083e-02 1.733333333333333393e-01 3.733333333333333504e-01 4.400000000000000022e-01 4.400000000000000022e-01 3.466666666666666785e-01 5.333333333333333259e-01
3.066666666666666430e-01 5.066666666666667096e-01 2.800000000000000266e-01 1.066666666666666735e-01 5.866666666666666696e-01 3.866666666666666585e-01 7.199999999999999734e-01 4.133333333333333304e-01 8.000000000000000444e-01 1.000000000000000000e+00
5.600000000000000533e-01 1.600000000000000033e-01 0.000000000000000000e+00 1.066666666666666735e-01 2.800000000000000266e-01 4.000000000000000222e-01 2.533333333333333548e-01 3.866666666666666585e-01 1.000000000000000000e+00 1.000000000000000000e+00
4.400000000000000022e-01 2.933333333333333348e-01 7.066666666666666652e-01 4.933333333333333459e-01 4.533333333333333104e-01 2.399999999999999911e-01 4.533333333333333104e-01 1.000000000000000000e+00 1.000000000000000000e+00 1.000000000000000000e+00
7.733333333333333171e-01 9.333333333333333759e-02 9.333333333333333759e-02 1.199999999999999956e-01 4.400000000000000022e-01 4.000000000000000222e-01 1.000000000000000000e+00 1.000000000000000000e+00 1.000000000000000000e+00 1.000000000000000000e+00
4.133333333333333304e-01 7.199999999999999734e-01 1.600000000000000033e-01 1.333333333333333419e-02 8.533333333333333881e-01 1.000000000000000000e+00 1.000000000000000000e+00 1.000000000000000000e+00 1.000000000000000000e+00 1.000000000000000000e+00
7.600000000000000089e-01 4.400000000000000022e-01 1.000000000000000000e+00 1.066666666666666735e-01 1.000000000000000000e+00 1.000000000000000000e+00 1.000000000000000000e+00 1.000000000000000000e+00 1.000000000000000000e+00 1.000000000000000000e+00
2.533333333333333548e-01 3.866666666666666585e-01 3.599999999999999867e-01 1.000000000000000000e+00 1.000000000000000000e+00 1.000000000000000000e+00 1.000000000000000000e+00 1.000000000000000000e+00 1.000000000000000000e+00 1.000000000000000000e+00
1.199999999999999956e-01 5.466666666666666341e-01 1.000000000000000000e+00 1.000000000000000000e+00 1.000000000000000000e+00 1.000000000000000000e+00 1.000000000000000000e+00 1.000000000000000000e+00 1.000000000000000000e+00 1.000000000000000000e+00
2.000000000000000111e-01 1.000000000000000000e+00 1.000000000000000000e+00 1.000000000000000000e+00 1.000000000000000000e+00 1.000000000000000000e+00 1.000000000000000000e+00 1.000000000000000000e+00 1.000000000000000000e+00 1.000000000000000000e+00
