1.717171717171717127e-01 3.535353535353535359e-01 2.323232323232323204e-01 4.545454545454545303e-01 3.030303030303030387e-02 2.323232323232323204e-01 7.070707070707070441e-02 2.323232323232323204e-01 2.727272727272727071e-01 3.737373737373737570e-01
2.929292929292929282e-01 5.353535353535353591e-01 4.343434343434343647e-01 5.353535353535353591e-01 4.545454545454545303e-01 3.737373737373737570e-01 3.030303030303030387e-02 3.333333333333333148e-01 4.141414141414141437e-01 1.000000000000000000e+00
1.919191919191919060e-01 1.313131313131313260e-01 3.535353535353535359e-01 7.070707070707070441e-02 7.070707070707070441e-02 5.555555555555555802e-01 3.939393939393939226e-01 1.000000000000000000e+00 1.000000000000000000e+00 1.000000000000000000e+00
1.919191919191919060e-01 3.535353535353535359e-01 4.747474747474747514e-01 2.929292929292929282e-01 2.323232323232323204e-01 1.919191919191919060e-01 5.353535353535353591e-01 1.000000000000000000e+00 1.000000000000000000e+00 1.000000000000000000e+00
4.343434343434343647e-01 2.727272727272727071e-01 1.717171717171717127e-01 5.757575757575758013e-01 4.141414141414141437e-01 5.959595959595959114e-01 1.000000000000000000e+00 1.000000000000000000e+00 1.000000000000000000e+00 1.000000000000000000e+00
1.919191919191919060e-01 1.111111111111111049e-01 3.939393939393939226e-01 1.717171717171717127e-01 8.989898989898990056e-01 1.000000000000000000e+00 1.000000000000000000e+00 1.000000000000000000e+00 1.000000000000000000e+00 1.000000000000000000e+00
3.939393939393939226e-01 3.131313131313131493e-01 2.525252525252525415e-01 1.111111111111111049e-01 1.000000000000000000e+00 1.000000000000000000e+00 1.000000000000000000e+00 1.000000000000000000e+00 1.000000000000000000e+00 1.000000000000000000e+00
3.535353535353535359e-01 3.333333333333333148e-01 1.717171717171717127e-01 1.000000000000000000e+00 1.000000000000000000e+00 1.000000000000000000e+00 1.000000000000000000e+00 1.000000000000000000e+00 1.000000000000000000e+00 1.000000000000000000e+00
1.313131313131313260e-01 3.939393939393939226e-01 1.000000000000000000e+00 1.000000000000000000e+00 1.000000000000000000e+00 1.000000000000000000e+00 1.000000000000000000e+00 1.000000000000000000e+00 1.000000000000000000e+00 1.000000000000000000e+00
6.363636363636363535e-01 1.000000000000000000e+00 1.000000000000000000e+00 1.000000000000000000e+00 1.000000000000000000e+00 1.000000000000000000e+00 1.000000000000000000e+00 1.000000000000000000e+00 1.000000000000000000e+00 1.000000000000000000e+00
