5.507246376811594235e-01 3.768115942028985588e-01 5.797101449275362389e-02 5.942028985507246119e-01 4.347826086956521618e-01 7.101449275362319291e-01 5.507246376811594235e-01 6.956521739130434590e-01 5.362318840579710644e-01 6.521739130434782705e-01
3.623188405797101441e-01 4.782608695652174058e-01 5.797101449275362389e-02 4.202898550724637472e-01 4.057971014492753881e-01 5.072463768115942351e-01 4.927536231884058204e-01 6.666666666666666297e-01 5.507246376811594235e-01 1.000000000000000000e+00
3.623188405797101441e-01 5.942028985507246119e-01 0.000000000000000000e+00 4.202898550724637472e-01 5.507246376811594235e-01 4.057971014492753881e-01 8.115942028985507761e-01 1.000000000000000000e+00 1.000000000000000000e+00 1.000000000000000000e+00
4.057971014492753881e-01 3.913043478260869734e-01 2.463768115942029102e-01 5.217391304347825942e-01 4.347826086956521618e-01 5.217391304347825942e-01 8.550724637681159646e-01 1.000000000000000000e+00 1.000000000000000000e+00 1.000000000000000000e+00
5.942028985507246119e-01 5.217391304347825942e-01 2.608695652173912971e-01 7.246376811594202882e-01 6.376811594202898004e-01 6.956521739130434590e-01 1.000000000000000000e+00 1.000000000000000000e+00 1.000000000000000000e+00 1.000000000000000000e+00
5.797101449275362528e-01 4.347826086956521618e-01 8.695652173913043237e-02 5.362318840579710644e-01 8.405797101449274944e-01 1.000000000000000000e+00 1.000000000000000000e+00 1.000000000000000000e+00 1.000000000000000000e+00 1.000000000000000000e+00
6.666666666666666297e-01 5.652173913043477826e-01 7.246376811594203160e-02 5.797101449275362528e-01 1.000000000000000000e+00 1.000000000000000000e+00 1.000000000000000000e+00 1.000000000000000000e+00 1.000000000000000000e+00 1.000000000000000000e+00
4.347826086956521618e-01 5.942028985507246119e-01 1.159420289855072478e-01 1.000000000000000000e+00 1.000000000000000000e+00 1.000000000000000000e+00 1.000000000000000000e+00 1.000000000000000000e+00 1.000000000000000000e+00 1.000000000000000000e+00
5.652173913043477826e-01 4.202898550724637472e-01 1.000000000000000000e+00 1.000000000000000000e+00 1.000000000000000000e+00 1.000000000000000000e+00 1.000000000000000000e+00 1.000000000000000000e+00 1.000000000000000000e+00 1.000000000000000000e+00
4.637681159420289911e-01 1.000000000000000000e+00 1.000000000000000000e+00 1.000000000000000000e+00 1.000000000000000000e+00 1.000000000000000000e+00 1.000000000000000000e+00 1.000000000000000000e+00 1.000000000000000000e+00 1.000000000000000000e+00
