4.352941176470588314e-01 1.882352941176470562e-01 3.764705882352941124e-01 1.764705882352941291e-01 1.294117647058823650e-01 2.235294117647058931e-01 4.000000000000000222e-01 8.000000000000000444e-01 8.352941176470588536e-01 3.411764705882353033e-01
4.823529411764705954e-01 1.764705882352941291e-01 1.882352941176470562e-01 8.470588235294117530e-01 5.647058823529411686e-01 5.411764705882352589e-01 3.529411764705882304e-02 6.470588235294117974e-01 4.705882352941176405e-02 1.000000000000000000e+00
2.823529411764705843e-01 0.000000000000000000e+00 9.058823529411764719e-01 1.294117647058823650e-01 1.411764705882352922e-01 3.882352941176470673e-01 8.235294117647058709e-02 1.411764705882352922e-01 1.000000000000000000e+00 1.000000000000000000e+00
6.235294117647058876e-01 3.529411764705882582e-01 5.411764705882352589e-01 4.470588235294117863e-01 1.294117647058823650e-01 4.352941176470588314e-01 6.117647058823529882e-01 1.000000000000000000e+00 1.000000000000000000e+00 1.000000000000000000e+00
3.058823529411764941e-01 3.529411764705882304e-02 5.882352941176470784e-01 4.588235294117646856e-01 1.058823529411764691e-01 6.470588235294117974e-01 1.000000000000000000e+00 1.000000000000000000e+00 1.000000000000000000e+00 1.000000000000000000e+00
6.823529411764706065e-01 7.058823529411765163e-01 1.294117647058823650e-01 1.647058823529411742e-01 5.176470588235294601e-01 1.000000000000000000e+00 1.000000000000000000e+00 1.000000000000000000e+00 1.000000000000000000e+00 1.000000000000000000e+00
4.470588235294117863e-01 8.235294117647058709e-02 9.647058823529411908e-01 5.882352941176470784e-01 1.000000000000000000e+00 1.000000000000000000e+00 1.000000000000000000e+00 1.000000000000000000e+00 1.000000000000000000e+00 1.000000000000000000e+00
3.294117647058823484e-01 2.470588235294117752e-01 6.588235294117646967e-01 1.000000000000000000e+00 1.000000000000000000e+00 1.000000000000000000e+00 1.000000000000000000e+00 1.000000000000000000e+00 1.000000000000000000e+00 1.000000000000000000e+00
2.941176470588235392e-01 3.294117647058823484e-01 1.000000000000000000e+00 1.000000000000000000e+00 1.000000000000000000e+00 1.000000000000000000e+00 1.000000000000000000e+00 1.000000000000000000e+00 1.000000000000000000e+00 1.000000000000000000e+00
1.000000000000000000e+00 1.000000000000000000e+00 1.000000000000000000e+00 1.000000000000000000e+00 1.000000000000000000e+00 1.000000000000000000e+00 1.000000000000000000e+00 1.000000000000000000e+00 1.000000000000000000e+00 1.000000000000000000e+00
