1.617647058823529493e-01 1.176470588235294101e-01 6.323529411764705621e-01 4.411764705882352811e-01 6.323529411764705621e-01 2.205882352941176405e-01 9.705882352941176405e-01 3.676470588235294379e-01 3.382352941176470784e-01 2.352941176470588203e-01
1.764705882352941291e-01 4.705882352941176405e-01 0.000000000000000000e+00 1.470588235294117696e-01 1.470588235294117696e-01 2.500000000000000000e-01 4.117647058823529216e-01 1.764705882352941291e-01 5.441176470588234837e-01 1.000000000000000000e+00
2.794117647058823595e-01 1.470588235294117627e-02 2.941176470588235253e-02 3.088235294117647189e-01 1.617647058823529493e-01 7.205882352941176405e-01 2.941176470588235392e-01 3.529411764705882582e-01 1.000000000000000000e+00 1.000000000000000000e+00
1.470588235294117696e-01 0.000000000000000000e+00 5.882352941176470507e-02 3.382352941176470784e-01 3.088235294117647189e-01 4.411764705882352811e-01 4.117647058823529216e-01 1.000000000000000000e+00 1.000000000000000000e+00 1.000000000000000000e+00
2.058823529411764608e-01 1.029411764705882304e-01 8.823529411764706454e-02 5.588235294117647189e-01 1.470588235294117696e-01 1.000000000000000000e+00 1.000000000000000000e+00 1.000000000000000000e+00 1.000000000000000000e+00 1.000000000000000000e+00
3.088235294117647189e-01 7.352941176470588480e-02 5.735294117647058432e-01 3.676470588235294379e-01 3.970588235294117418e-01 1.000000000000000000e+00 1.000000000000000000e+00 1.000000000000000000e+00 1.000000000000000000e+00 1.000000000000000000e+00
2.352941176470588203e-01 1.764705882352941291e-01 8.823529411764706454e-02 2.794117647058823595e-01 1.000000000000000000e+00 1.000000000000000000e+00 1.000000000000000000e+00 1.000000000000000000e+00 1.000000000000000000e+00 1.000000000000000000e+00
2.794117647058823595e-01 2.352941176470588203e-01 4.264705882352941013e-01 1.000000000000000000e+00 1.000000000000000000e+00 1.000000000000000000e+00 1.000000000000000000e+00 1.000000000000000000e+00 1.000000000000000000e+00 1.000000000000000000e+00
1.764705882352941291e-01 7.352941176470588480e-02 1.000000000000000000e+00 1.000000000000000000e+00 1.000000000000000000e+00 1.000000000000000000e+00 1.000000000000000000e+00 1.000000000000000000e+00 1.000000000000000000e+00 1.000000000000000000e+00
2.941176470588235392e-01 1.000000000000000000e+00 1.000000000000000000e+00 1.000000000000000000e+00 1.000000000000000000e+00 1.000000000000000000e+00 1.000000000000000000e+00 1.000000000000000000e+00 1.000000000000000000e+00 1.000000000000000000e+00
