2.033195020746887960e-01 4.439834024896265330e-01 5.186721991701245260e-01 2.365145228215767559e-01 6.265560165975103679e-01 7.344398340248963208e-01 2.199170124481327759e-01 2.199170124481327759e-01 5.684647302904564103e-01 2.531120331950207358e-01
3.775933609958506132e-01 5.684647302904564103e-01 8.257261410788381273e-01 3.112033195020746934e-01 2.199170124481327759e-01 8.589211618257260872e-01 3.775933609958506132e-01 6.265560165975103679e-01 2.946058091286307135e-01 1.000000000000000000e+00
2.448132780082987459e-01 7.925311203319501674e-01 4.190871369294605908e-01 1.784232365145228261e-01 7.344398340248963208e-01 5.186721991701245260e-01 2.116182572614107860e-01 5.435684647302904127e-01 1.000000000000000000e+00 1.000000000000000000e+00
4.605809128630705129e-01 4.024896265560166109e-01 1.784232365145228261e-01 1.000000000000000000e+00 2.199170124481327759e-01 5.850622406639004458e-01 2.863070539419086957e-01 1.000000000000000000e+00 1.000000000000000000e+00 1.000000000000000000e+00
3.029045643153526757e-01 2.033195020746887960e-01 1.784232365145228261e-01 1.286307053941908585e-01 2.697095435684647158e-01 8.672199170124481604e-01 1.000000000000000000e+00 1.000000000000000000e+00 1.000000000000000000e+00 1.000000000000000000e+00
2.199170124481327759e-01 2.116182572614107860e-01 1.950207468879668060e-01 3.692946058091286510e-01 3.858921161825726309e-01 1.000000000000000000e+00 1.000000000000000000e+00 1.000000000000000000e+00 1.000000000000000000e+00 1.000000000000000000e+00
3.775933609958506132e-01 2.365145228215767559e-01 3.526970954356846710e-01 4.688796680497925307e-01 1.000000000000000000e+00 1.000000000000000000e+00 1.000000000000000000e+00 1.000000000000000000e+00 1.000000000000000000e+00 1.000000000000000000e+00
2.199170124481327759e-01 2.116182572614107860e-01 4.937759336099585283e-01 1.000000000000000000e+00 1.000000000000000000e+00 1.000000000000000000e+00 1.000000000000000000e+00 1.000000000000000000e+00 1.000000000000000000e+00 1.000000000000000000e+00
2.199170124481327759e-01 3.526970954356846710e-01 1.000000000000000000e+00 1.000000000000000000e+00 1.000000000000000000e+00 1.000000000000000000e+00 1.000000000000000000e+00 1.000000000000000000e+00 1.000000000000000000e+00 1.000000000000000000e+00
1.535269709543568561e-01 1.000000000000000000e+00 1.000000000000000000e+00 1.000000000000000000e+00 1.000000000000000000e+00 1.000000000000000000e+00 1.000000000000000000e+00 1.000000000000000000e+00 1.000000000000000000e+00 1.000000000000000000e+00
