4.226804123711340178e-01 9.278350515463917869e-02 0.000000000000000000e+00 1.443298969072164817e-01 3.092783505154639290e-02 2.886597938144329634e-01 2.371134020618556604e-01 4.226804123711340178e-01 4.536082474226804107e-01 6.494845360824742508e-01
1.546391752577319645e-01 3.814432989690721421e-01 2.061855670103092675e-01 7.216494845360824639e-01 2.371134020618556604e-01 4.639175257731958935e-01 3.711340206185567148e-01 7.113402061855670366e-01 5.979381443298968923e-01 1.000000000000000000e+00
4.226804123711340178e-01 1.237113402061855716e-01 9.278350515463917869e-02 1.855670103092783574e-01 2.577319587628865705e-01 1.340206185567010266e-01 4.639175257731958935e-01 2.164948453608247503e-01 1.000000000000000000e+00 1.000000000000000000e+00
6.597938144329896781e-01 1.340206185567010266e-01 9.278350515463917869e-02 1.237113402061855716e-01 5.463917525773195338e-01 4.432989690721649279e-01 3.711340206185567148e-01 1.000000000000000000e+00 1.000000000000000000e+00 1.000000000000000000e+00
1.237113402061855716e-01 2.371134020618556604e-01 1.134020618556701027e-01 2.680412371134020533e-01 2.680412371134020533e-01 2.474226804123711432e-01 1.000000000000000000e+00 1.000000000000000000e+00 1.000000000000000000e+00 1.000000000000000000e+00
6.185567010309278579e-02 4.123711340206185488e-02 2.680412371134020533e-01 2.783505154639175361e-01 4.226804123711340178e-01 1.000000000000000000e+00 1.000000000000000000e+00 1.000000000000000000e+00 1.000000000000000000e+00 1.000000000000000000e+00
5.463917525773195338e-01 7.525773195876288568e-01 6.804123711340206437e-01 5.154639175257731409e-01 1.000000000000000000e+00 1.000000000000000000e+00 1.000000000000000000e+00 1.000000000000000000e+00 1.000000000000000000e+00 1.000000000000000000e+00
2.989690721649484462e-01 1.000000000000000000e+00 5.463917525773195338e-01 1.000000000000000000e+00 1.000000000000000000e+00 1.000000000000000000e+00 1.000000000000000000e+00 1.000000000000000000e+00 1.000000000000000000e+00 1.000000000000000000e+00
4.329896907216495006e-01 7.835051546391752497e-01 1.000000000000000000e+00 1.000000000000000000e+00 1.000000000000000000e+00 1.000000000000000000e+00 1.000000000000000000e+00 1.000000000000000000e+00 1.000000000000000000e+00 1.000000000000000000e+00
9.587628865979381798e-01 1.000000000000000000e+00 1.000000000000000000e+00 1.000000000000000000e+00 1.000000000000000000e+00 1.000000000000000000e+00 1.000000000000000000e+00 1.000000000000000000e+00 1.000000000000000000e+00 1.000000000000000000e+00
