4.047619047619047672e-01 3.690476190476190688e-01 1.904761904761904656e-01 7.261904761904761640e-01 1.666666666666666574e-01 8.095238095238095344e-01 7.857142857142856984e-01 7.023809523809523281e-01 6.785714285714286031e-01 7.261904761904761640e-01
7.142857142857142461e-02 5.714285714285713969e-01 6.309523809523809312e-01 4.761904761904761640e-01 6.666666666666666297e-01 3.809523809523809312e-01 5.595238095238095344e-01 8.571428571428570953e-01 2.380952380952380820e-01 1.000000000000000000e+00
2.380952380952380820e-01 7.976190476190476719e-01 9.523809523809523281e-01 2.142857142857142738e-01 8.333333333333332871e-02 5.833333333333333703e-01 4.285714285714285476e-01 3.333333333333333148e-01 1.000000000000000000e+00 1.000000000000000000e+00
0.000000000000000000e+00 4.880952380952380820e-01 6.428571428571429047e-01 1.190476190476190410e-01 2.857142857142856984e-01 3.809523809523809312e-01 6.428571428571429047e-01 1.000000000000000000e+00 1.000000000000000000e+00 1.000000000000000000e+00
3.333333333333333148e-01 5.595238095238095344e-01 6.666666666666666297e-01 1.000000000000000000e+00 5.714285714285713969e-01 8.214285714285713969e-01 1.000000000000000000e+00 1.000000000000000000e+00 1.000000000000000000e+00 1.000000000000000000e+00
5.119047619047618625e-01 2.976190476190476164e-01 8.690476190476190688e-01 2.261904761904761918e-01 3.095238095238095344e-01 1.000000000000000000e+00 1.000000000000000000e+00 1.000000000000000000e+00 1.000000000000000000e+00 1.000000000000000000e+00
7.142857142857143016e-01 3.571428571428571508e-01 1.309523809523809590e-01 0.000000000000000000e+00 1.000000000000000000e+00 1.000000000000000000e+00 1.000000000000000000e+00 1.000000000000000000e+00 1.000000000000000000e+00 1.000000000000000000e+00
5.238095238095238360e-01 6.785714285714286031e-01 3.333333333333333148e-01 1.000000000000000000e+00 1.000000000000000000e+00 1.000000000000000000e+00 1.000000000000000000e+00 1.000000000000000000e+00 1.000000000000000000e+00 1.000000000000000000e+00
3.809523809523809312e-01 1.785714285714285754e-01 1.000000000000000000e+00 1.000000000000000000e+00 1.000000000000000000e+00 1.000000000000000000e+00 1.000000000000000000e+00 1.000000000000000000e+00 1.000000000000000000e+00 1.000000000000000000e+00
2.380952380952380820e-01 1.000000000000000000e+00 1.000000000000000000e+00 1.000000000000000000e+00 1.000000000000000000e+00 1.000000000000000000e+00 1.000000000000000000e+00 1.000000000000000000e+00 1.000000000000000000e+00 1.000000000000000000e+00
