
Run 1
100	2.2	5	21.0	63	7.1	37
325	1.1	4	3.4	9	3.5	18
550	2.2	4	5.8	11	11.4	22
775	2.7	5	7.2	11	12.9	32
1000	2.8	5	7.8	11	25.7	53
1225	2.8	5	7.8	11	17.8	33
1450	2.9	5	7.8	11	24.2	41
1675	2.9	4	8.0	11	27.2	49
1900	3.1	4	8.2	11	20.1	29
2125	3.5	7	9.0	17	30.2	98

Run 2
100	4.0	5	42.2	63	12.4	48
325	3.7	5	33.6	63	19.8	61
550	4.5	6	47.0	63	32.8	76
775	5.5	7	42.8	63	35.3	50
1000	5.4	7	36.0	59	39.5	62
1225	5.3	7	34.6	59	16.6	27
1450	5.5	7	32.8	41	21.4	37
1675	5.2	7	30.6	41	12.3	22
1900	4.6	7	26.4	41	15.2	32
2125	3.7	7	16.6	27	14.6	34

Run 3
100	4.0	5	50.6	63	17.8	99
325	2.6	5	32.0	63	20.8	103
550	2.3	7	26.0	67	19.1	65
775	3.3	7	37.8	67	30.1	84
1000	4.7	7	55.2	67	47.9	99
1225	5.4	7	60.2	65	67.2	108
1450	5.2	7	59.0	63	51.0	74
1675	5.6	7	59.6	63	89.2	125
1900	5.8	7	60.4	65	44.4	67
2125	5.5	7	59.6	65	52.4	88

Run 4
100	3.6	5	40.2	63	7.9	26
325	3.3	5	33.8	63	15.9	44
550	3.5	7	24.6	67	2.9	10
775	2.9	5	8.8	15	5.9	30
1000	4.3	7	12.8	21	16.9	58
1225	4.8	7	14.2	21	32.3	85
1450	4.6	6	14.0	17	21.3	37
1675	4.9	6	14.8	19	22.7	32
1900	4.8	6	15.0	21	20.9	44
2125	4.7	5	14.6	17	26.7	53

Run 5
100	3.6	5	34.8	63	17.0	45
325	4.4	7	31.8	69	34.0	53
550	3.8	6	11.2	19	17.6	37
775	4.0	6	11.6	19	23.9	41
1000	3.8	6	10.8	19	33.5	64
1225	3.9	6	11.2	19	22.9	36
1450	3.2	6	8.8	19	18.9	38
1675	3.2	6	8.8	19	22.7	46
1900	3.1	6	8.8	25	28.9	45
2125	3.4	6	10.0	25	33.3	60

Run 6
100	2.7	5	32.4	63	15.1	82
325	2.2	5	25.8	63	19.8	55
550	4.2	7	42.8	63	28.4	72
775	4.8	7	47.8	65	45.6	89
1000	3.9	7	30.6	65	32.5	93
1225	3.3	7	19.0	57	33.6	95
1450	3.4	7	20.0	59	33.9	56
1675	2.6	7	10.6	59	35.4	76
1900	2.3	4	5.6	9	19.9	37
2125	2.2	4	5.4	9	36.7	68

Run 7
100	3.8	5	32.0	63	15.3	74
325	3.2	5	19.0	63	15.3	70
550	4.0	7	26.0	65	33.2	100
775	4.7	7	31.4	65	44.7	85
1000	4.7	7	36.8	65	35.8	79
1225	4.6	7	36.4	65	55.2	97
1450	3.8	7	29.6	65	48.4	100
1675	4.1	7	30.4	65	44.6	91
1900	3.5	6	27.2	65	39.7	72
2125	2.8	5	20.4	61	36.6	81

Run 8
100	2.6	5	28.0	63	13.8	56
325	2.1	5	21.8	63	13.3	45
550	4.0	7	36.2	69	29.9	55
775	3.8	5	34.2	63	22.2	44
1000	4.0	7	30.6	67	25.4	46
1225	4.1	5	22.0	57	22.8	62
1450	3.4	5	11.2	21	9.1	28
1675	2.5	5	6.8	17	9.9	26
1900	2.3	6	6.6	23	15.2	71
2125	1.2	3	3.4	7	10.5	43

Run 9
100	2.6	5	28.4	63	11.2	29
325	2.1	5	22.0	63	13.6	42
550	1.6	5	16.0	63	15.2	32
775	0.8	5	4.0	25	9.5	25
1000	0.4	1	1.8	3	2.6	12
1225	0.2	1	1.4	3	1.1	6
1450	0.2	1	1.4	3	3.4	22
1675	0.2	1	1.4	3	2.5	13
1900	0.4	1	1.8	3	3.0	11
2125	0.4	1	1.8	3	6.4	19

Run 10
100	3.4	5	29.6	63	9.7	52
325	2.4	5	17.2	63	4.6	25
550	0.8	5	7.8	63	3.6	30
775	2.6	5	26.2	63	19.5	67
1000	3.1	5	26.8	63	29.7	79
1225	3.0	5	22.6	63	17.7	42
1450	2.7	5	16.8	51	29.1	57
1675	2.6	5	16.0	37	25.6	52
1900	2.7	5	13.2	29	12.4	36
2125	3.7	6	18.2	29	32.5	63

Run 11
100	1.6	5	10.2	63	5.8	30
325	2.4	5	17.4	63	24.3	55
550	2.6	5	18.0	63	34.6	58
775	2.2	3	7.4	11	24.0	43
1000	2.8	4	9.4	13	31.2	74
1225	3.2	5	10.4	13	20.1	34
1450	3.1	5	10.2	13	35.3	70
1675	3.2	5	11.0	19	36.6	70
1900	3.3	5	11.4	19	40.2	76
2125	3.1	5	10.6	13	28.4	72

Run 12
100	4.1	5	50.8	63	20.4	109
325	3.8	6	45.0	65	31.4	92
550	3.8	6	44.2	65	36.7	88
775	5.4	6	61.8	65	83.3	138
1000	5.7	6	62.8	65	66.7	92
1225	5.8	6	63.0	65	53.0	101
1450	5.8	6	63.0	65	62.2	92
1675	5.9	6	63.6	67	50.6	80
1900	5.9	6	63.2	65	53.7	85
2125	5.8	6	62.0	65	57.8	128

Run 13
100	2.4	5	26.6	63	13.4	66
325	1.8	5	15.8	63	17.3	61
550	2.9	5	18.8	63	27.8	72
775	3.8	6	25.6	63	28.8	74
1000	4.8	7	34.2	73	29.3	43
1225	4.8	7	42.0	73	55.6	94
1450	4.2	5	34.4	63	35.8	67
1675	4.2	5	25.6	63	36.0	60
1900	3.9	5	15.0	57	20.8	29
2125	4.1	5	15.4	57	26.8	55

Run 14
100	3.0	5	28.6	63	8.1	21
325	4.2	5	32.0	63	17.9	37
550	5.4	7	49.6	67	23.1	57
775	5.3	7	49.2	71	26.6	45
1000	5.0	7	34.6	71	41.0	62
1225	4.8	7	21.2	59	24.8	68
1450	5.1	7	17.6	31	39.4	63
1675	4.9	7	17.0	31	20.0	45
1900	4.7	7	16.2	31	35.2	57
2125	4.6	7	16.2	31	48.0	119

Run 15
100	3.0	5	33.0	63	9.9	32
325	2.7	6	27.2	65	23.8	72
550	4.2	6	51.2	67	47.4	110
775	5.4	7	64.0	67	54.4	88
1000	5.4	6	63.6	67	65.9	127
1225	5.6	6	63.8	67	31.9	63
1450	5.8	7	64.2	67	47.8	77
1675	5.9	7	64.2	67	69.1	112
1900	5.9	7	64.4	71	84.8	139
2125	5.9	7	65.2	71	57.2	97

Run 16
100	2.1	5	16.0	63	2.2	13
325	1.4	5	9.0	63	6.4	47
550	2.1	6	15.6	65	11.8	52
775	2.6	6	21.8	65	13.0	50
1000	1.5	3	4.2	9	8.3	30
1225	1.7	3	4.6	9	15.4	34
1450	1.9	3	5.0	9	19.6	38
1675	1.8	3	5.0	9	15.3	32
1900	1.8	3	4.8	9	24.1	50
2125	1.8	4	4.8	9	24.6	45

Run 17
100	2.2	5	22.0	63	10.5	38
325	2.1	5	16.2	63	12.2	32
550	3.2	5	19.6	63	20.8	41
775	3.0	5	15.4	63	21.1	53
1000	2.9	5	9.8	23	21.8	37
1225	2.8	5	8.8	19	17.8	31
1450	3.3	5	10.0	19	24.2	48
1675	3.5	5	11.0	19	21.1	45
1900	3.5	5	10.8	19	32.4	71
2125	3.3	5	9.0	19	24.2	63

Run 18
100	3.5	5	35.6	63	9.0	44
325	3.6	6	18.0	63	13.6	36
550	4.7	6	23.4	63	35.6	87
775	5.2	7	23.8	63	23.0	67
1000	4.9	7	23.4	63	26.0	69
1225	5.0	7	23.4	43	27.3	56
1450	5.0	7	19.8	39	23.3	54
1675	4.5	7	13.8	39	26.3	50
1900	4.9	7	15.2	39	28.8	58
2125	4.0	7	11.4	27	27.9	38

Run 19
100	2.4	5	21.4	63	18.9	60
325	2.0	5	10.2	63	25.6	65
550	4.1	7	15.2	63	34.3	48
775	4.0	5	9.6	17	35.4	66
1000	4.2	5	10.0	17	33.6	70
1225	4.2	5	10.0	17	36.8	58
1450	3.8	5	8.6	11	28.3	51
1675	3.2	5	8.0	13	22.7	42
1900	2.7	5	7.0	13	22.6	47
2125	2.3	5	5.8	11	10.1	23

Run 20
100	3.7	5	39.6	63	16.3	57
325	2.9	5	22.4	63	9.5	29
550	2.5	5	16.4	63	14.4	79
775	1.5	4	4.0	9	3.6	18
1000	1.0	3	3.0	7	11.4	37
1225	0.6	2	2.2	5	19.3	54
1450	0.5	2	2.0	5	14.9	36
1675	0.3	1	1.6	3	19.9	53
1900	0.4	2	1.8	5	24.1	61
2125	0.4	2	1.8	5	4.4	15

Run 21
100	2.1	5	20.8	63	4.0	22
325	1.2	3	3.4	7	9.9	33
550	2.2	5	5.4	11	27.9	84
775	1.8	3	4.6	7	26.0	74
1000	1.4	3	3.8	7	22.8	47
1225	1.1	3	3.2	7	33.6	125
1450	1.1	2	3.2	5	31.4	58
1675	1.1	2	3.2	5	42.2	75
1900	1.1	2	3.2	5	47.5	94
2125	1.2	2	3.4	5	22.6	41

Run 22
100	4.0	5	50.6	63	8.7	25
325	2.6	5	32.0	63	12.1	44
550	2.8	7	28.2	63	15.2	52
775	2.8	7	26.8	61	11.8	27
1000	4.8	7	50.0	63	24.0	45
1225	5.4	7	59.8	63	31.1	57
1450	5.6	7	60.0	63	44.6	86
1675	5.6	7	59.6	63	26.2	47
1900	5.7	7	60.2	75	38.2	59
2125	5.8	7	58.4	61	32.8	59

Run 23
100	3.0	5	33.4	63	16.8	97
325	2.7	7	17.6	67	24.2	55
550	3.5	7	20.2	67	38.5	111
775	4.0	6	17.2	65	60.2	99
1000	4.7	6	24.8	65	44.5	84
1225	4.7	7	19.0	65	59.2	104
1450	4.4	6	13.6	23	55.9	97
1675	4.3	6	13.2	23	44.2	78
1900	4.2	6	12.0	23	58.2	131
2125	4.0	4	12.2	23	90.7	127

Run 24
100	3.2	5	29.6	63	13.3	52
325	3.2	5	20.6	63	21.3	64
550	4.0	5	24.2	63	18.4	37
775	4.1	6	14.2	23	16.9	31
1000	5.2	6	17.2	23	21.3	48
1225	5.2	6	15.4	23	19.0	37
1450	5.2	6	14.8	19	40.9	88
1675	5.2	7	15.2	19	30.6	51
1900	5.5	7	15.8	23	52.6	102
2125	5.4	7	15.6	17	53.7	86

Run 25
100	3.5	5	44.4	63	20.4	71
325	3.3	7	38.4	69	10.1	32
550	2.8	7	27.2	63	11.4	55
775	3.1	7	30.8	67	33.4	74
1000	3.6	6	34.8	57	26.6	55
1225	3.6	6	34.8	57	44.8	83
1450	1.9	5	14.0	57	9.7	29
1675	1.4	3	4.2	9	19.2	38
1900	1.6	3	4.8	9	20.6	26
2125	2.2	5	6.2	13	22.7	44

Run 26
100	3.0	5	38.2	63	20.6	63
325	2.5	5	31.8	63	20.8	77
550	4.6	6	56.4	67	28.0	53
775	5.4	6	62.4	67	47.9	92
1000	5.5	6	62.4	67	46.0	69
1225	5.4	6	61.0	67	39.6	63
1450	5.5	7	60.4	63	41.6	63
1675	5.6	7	60.4	63	58.3	82
1900	5.2	7	55.0	63	49.2	72
2125	5.2	7	50.8	65	44.6	65

Run 27
100	1.2	5	14.0	63	12.3	59
325	0.4	2	2.2	7	1.6	8
550	1.0	4	4.0	13	12.4	41
775	2.5	5	8.8	19	12.1	33
1000	3.1	5	10.8	19	18.3	40
1225	2.8	4	9.4	17	22.3	48
1450	2.8	4	9.4	17	18.8	42
1675	3.0	4	10.0	17	17.8	45
1900	3.0	4	10.0	17	16.7	33
2125	2.8	4	9.6	17	14.5	33

Run 28
100	3.0	5	38.2	63	18.7	70
325	2.8	6	32.4	65	39.1	123
550	4.4	6	50.8	69	53.0	112
775	5.0	6	56.4	67	70.3	110
1000	5.0	6	55.6	65	55.5	89
1225	5.0	6	54.2	63	60.6	96
1450	5.1	6	53.8	63	70.3	130
1675	5.1	7	53.4	63	50.9	74
1900	4.3	6	38.6	63	40.1	104
2125	4.5	7	30.8	63	63.0	107

Run 29
100	1.8	5	20.2	63	7.2	35
325	0.3	3	1.6	7	1.0	7
550	0.4	3	1.8	7	5.5	18
775	0.9	3	2.8	7	5.2	26
1000	1.6	4	4.2	9	6.8	27
1225	1.8	3	4.6	7	10.3	28
1450	2.4	4	5.8	9	11.4	57
1675	2.7	4	6.4	9	11.1	25
1900	2.7	4	6.4	9	17.2	73
2125	3.0	7	7.0	15	25.4	57

Run 30
100	3.2	5	38.6	63	13.5	51
325	2.9	5	33.0	63	21.3	57
550	3.7	7	44.4	69	27.1	51
775	5.7	7	62.2	75	32.7	57
1000	5.3	7	59.4	69	52.6	73
1225	5.4	7	58.4	69	44.5	58
1450	5.6	7	58.2	69	59.0	78
1675	5.4	7	51.8	63	41.5	61
1900	5.4	7	49.0	63	48.2	83
2125	5.3	7	45.6	51	66.8	99
