1.904761904761904934e-02 4.761904761904761640e-02 1.904761904761904934e-02 6.095238095238095788e-01 4.571428571428571286e-01 4.761904761904761640e-01 5.523809523809524169e-01 4.000000000000000222e-01 2.857142857142856984e-01 4.190476190476190577e-01
3.809523809523809867e-02 2.761904761904762085e-01 2.857142857142856984e-01 3.619047619047618958e-01 4.285714285714285476e-01 2.857142857142856984e-01 6.285714285714285587e-01 4.761904761904761640e-01 5.619047619047619069e-01 1.000000000000000000e+00
8.571428571428571508e-02 0.000000000000000000e+00 1.904761904761904934e-02 3.428571428571428603e-01 4.666666666666666741e-01 3.333333333333333148e-01 3.238095238095238249e-01 4.380952380952380931e-01 1.000000000000000000e+00 1.000000000000000000e+00
2.571428571428571175e-01 3.809523809523809867e-02 2.857142857142857054e-02 1.000000000000000000e+00 5.999999999999999778e-01 3.238095238095238249e-01 3.047619047619047894e-01 1.000000000000000000e+00 1.000000000000000000e+00 1.000000000000000000e+00
1.904761904761904656e-01 2.476190476190476275e-01 1.238095238095238138e-01 5.428571428571428159e-01 2.857142857142856984e-01 3.904761904761904767e-01 1.000000000000000000e+00 1.000000000000000000e+00 1.000000000000000000e+00 1.000000000000000000e+00
1.047619047619047644e-01 9.523809523809524669e-03 2.857142857142857054e-02 3.428571428571428603e-01 5.238095238095238360e-01 1.000000000000000000e+00 1.000000000000000000e+00 1.000000000000000000e+00 1.000000000000000000e+00 1.000000000000000000e+00
1.904761904761904934e-02 1.904761904761904934e-02 2.571428571428571175e-01 2.857142857142856984e-01 1.000000000000000000e+00 1.000000000000000000e+00 1.000000000000000000e+00 1.000000000000000000e+00 1.000000000000000000e+00 1.000000000000000000e+00
1.619047619047619124e-01 1.523809523809523947e-01 0.000000000000000000e+00 1.000000000000000000e+00 1.000000000000000000e+00 1.000000000000000000e+00 1.000000000000000000e+00 1.000000000000000000e+00 1.000000000000000000e+00 1.000000000000000000e+00
1.619047619047619124e-01 4.952380952380952550e-01 1.000000000000000000e+00 1.000000000000000000e+00 1.000000000000000000e+00 1.000000000000000000e+00 1.000000000000000000e+00 1.000000000000000000e+00 1.000000000000000000e+00 1.000000000000000000e+00
7.142857142857143016e-01 1.000000000000000000e+00 1.000000000000000000e+00 1.000000000000000000e+00 1.000000000000000000e+00 1.000000000000000000e+00 1.000000000000000000e+00 1.000000000000000000e+00 1.000000000000000000e+00 1.000000000000000000e+00
