3.255813953488372325e-01 6.976744186046511809e-01 2.325581395348837177e-02 2.325581395348837177e-02 2.325581395348837177e-02 3.255813953488372325e-01 1.860465116279069742e-01 1.395348837209302306e-01 3.720930232558139483e-01 6.976744186046511809e-01
2.325581395348837177e-02 3.720930232558139483e-01 1.162790697674418589e-01 3.023255813953488191e-01 3.255813953488372325e-01 2.325581395348837177e-01 1.395348837209302306e-01 5.348837209302325091e-01 1.627906976744186163e-01 1.000000000000000000e+00
6.976744186046511531e-02 1.627906976744186163e-01 6.976744186046511531e-02 0.000000000000000000e+00 4.418604651162790775e-01 3.255813953488372325e-01 9.302325581395348708e-02 2.558139534883721034e-01 1.000000000000000000e+00 1.000000000000000000e+00
1.627906976744186163e-01 7.906976744186046124e-01 0.000000000000000000e+00 3.488372093023255904e-01 5.813953488372093359e-01 4.651162790697674354e-02 3.488372093023255904e-01 1.000000000000000000e+00 1.000000000000000000e+00 1.000000000000000000e+00
3.953488372093023062e-01 4.651162790697674354e-02 1.162790697674418589e-01 7.209302325581394832e-01 1.395348837209302306e-01 5.348837209302325091e-01 1.000000000000000000e+00 1.000000000000000000e+00 1.000000000000000000e+00 1.000000000000000000e+00
3.953488372093023062e-01 3.488372093023255904e-01 1.627906976744186163e-01 3.953488372093023062e-01 4.651162790697674354e-01 1.000000000000000000e+00 1.000000000000000000e+00 1.000000000000000000e+00 1.000000000000000000e+00 1.000000000000000000e+00
7.441860465116278966e-01 3.255813953488372325e-01 8.837209302325581550e-01 0.000000000000000000e+00 1.000000000000000000e+00 1.000000000000000000e+00 1.000000000000000000e+00 1.000000000000000000e+00 1.000000000000000000e+00 1.000000000000000000e+00
3.023255813953488191e-01 2.790697674418604612e-01 1.395348837209302306e-01 1.000000000000000000e+00 1.000000000000000000e+00 1.000000000000000000e+00 1.000000000000000000e+00 1.000000000000000000e+00 1.000000000000000000e+00 1.000000000000000000e+00
1.000000000000000000e+00 1.860465116279069742e-01 1.000000000000000000e+00 1.000000000000000000e+00 1.000000000000000000e+00 1.000000000000000000e+00 1.000000000000000000e+00 1.000000000000000000e+00 1.000000000000000000e+00 1.000000000000000000e+00
3.255813953488372325e-01 1.000000000000000000e+00 1.000000000000000000e+00 1.000000000000000000e+00 1.000000000000000000e+00 1.000000000000000000e+00 1.000000000000000000e+00 1.000000000000000000e+00 1.000000000000000000e+00 1.000000000000000000e+00
