1.250000000000000000e-01 1.250000000000000000e-01 1.562500000000000000e-02 1.562500000000000000e-01 6.250000000000000000e-02 9.375000000000000000e-02 1.875000000000000000e-01 6.250000000000000000e-02 1.000000000000000000e+00 1.875000000000000000e-01
1.093750000000000000e-01 7.812500000000000000e-02 0.000000000000000000e+00 7.812500000000000000e-02 1.718750000000000000e-01 6.250000000000000000e-02 6.250000000000000000e-02 7.812500000000000000e-02 6.250000000000000000e-02 1.000000000000000000e+00
1.250000000000000000e-01 1.093750000000000000e-01 2.500000000000000000e-01 9.375000000000000000e-02 2.343750000000000000e-01 7.812500000000000000e-02 2.343750000000000000e-01 1.875000000000000000e-01 1.000000000000000000e+00 1.000000000000000000e+00
2.031250000000000000e-01 9.375000000000000000e-02 2.187500000000000000e-01 1.562500000000000000e-01 2.343750000000000000e-01 3.125000000000000000e-02 1.562500000000000000e-01 1.000000000000000000e+00 1.000000000000000000e+00 1.000000000000000000e+00
9.375000000000000000e-02 1.875000000000000000e-01 2.187500000000000000e-01 1.093750000000000000e-01 2.812500000000000000e-01 2.500000000000000000e-01 1.000000000000000000e+00 1.000000000000000000e+00 1.000000000000000000e+00 1.000000000000000000e+00
1.562500000000000000e-01 1.562500000000000000e-01 1.562500000000000000e-01 2.187500000000000000e-01 1.875000000000000000e-01 1.000000000000000000e+00 1.000000000000000000e+00 1.000000000000000000e+00 1.000000000000000000e+00 1.000000000000000000e+00
2.031250000000000000e-01 3.125000000000000000e-01 2.812500000000000000e-01 5.468750000000000000e-01 1.000000000000000000e+00 1.000000000000000000e+00 1.000000000000000000e+00 1.000000000000000000e+00 1.000000000000000000e+00 1.000000000000000000e+00
2.031250000000000000e-01 3.281250000000000000e-01 1.875000000000000000e-01 1.000000000000000000e+00 1.000000000000000000e+00 1.000000000000000000e+00 1.000000000000000000e+00 1.000000000000000000e+00 1.000000000000000000e+00 1.000000000000000000e+00
4.687500000000000000e-01 4.375000000000000000e-01 1.000000000000000000e+00 1.000000000000000000e+00 1.000000000000000000e+00 1.000000000000000000e+00 1.000000000000000000e+00 1.000000000000000000e+00 1.000000000000000000e+00 1.000000000000000000e+00
6.093750000000000000e-01 1.000000000000000000e+00 1.000000000000000000e+00 1.000000000000000000e+00 1.000000000000000000e+00 1.000000000000000000e+00 1.000000000000000000e+00 1.000000000000000000e+00 1.000000000000000000e+00 1.000000000000000000e+00
