1.714285714285714302e-01 1.857142857142857206e-01 2.428571428571428548e-01 6.857142857142857206e-01 2.571428571428571175e-01 8.571428571428571508e-02 8.571428571428571508e-02 8.142857142857142794e-01 5.428571428571428159e-01 4.571428571428571286e-01
1.714285714285714302e-01 5.571428571428571619e-01 1.714285714285714302e-01 2.285714285714285643e-01 1.000000000000000000e+00 1.714285714285714302e-01 0.000000000000000000e+00 1.571428571428571397e-01 0.000000000000000000e+00 1.000000000000000000e+00
1.714285714285714302e-01 1.714285714285714302e-01 2.571428571428571175e-01 1.714285714285714302e-01 1.714285714285714302e-01 8.571428571428571508e-02 2.857142857142856984e-01 3.428571428571428603e-01 1.000000000000000000e+00 1.000000000000000000e+00
1.714285714285714302e-01 7.428571428571428825e-01 2.000000000000000111e-01 1.714285714285714302e-01 2.714285714285714080e-01 8.000000000000000444e-01 2.285714285714285643e-01 1.000000000000000000e+00 1.000000000000000000e+00 1.000000000000000000e+00
1.714285714285714302e-01 1.714285714285714302e-01 2.999999999999999889e-01 2.571428571428571175e-01 2.714285714285714080e-01 7.714285714285714635e-01 1.000000000000000000e+00 1.000000000000000000e+00 1.000000000000000000e+00 1.000000000000000000e+00
1.714285714285714302e-01 4.142857142857143127e-01 5.428571428571428159e-01 5.714285714285713969e-01 4.714285714285714191e-01 1.000000000000000000e+00 1.000000000000000000e+00 1.000000000000000000e+00 1.000000000000000000e+00 1.000000000000000000e+00
1.714285714285714302e-01 8.142857142857142794e-01 5.857142857142857428e-01 7.285714285714285365e-01 1.000000000000000000e+00 1.000000000000000000e+00 1.000000000000000000e+00 1.000000000000000000e+00 1.000000000000000000e+00 1.000000000000000000e+00
1.714285714285714302e-01 2.428571428571428548e-01 1.857142857142857206e-01 1.000000000000000000e+00 1.000000000000000000e+00 1.000000000000000000e+00 1.000000000000000000e+00 1.000000000000000000e+00 1.000000000000000000e+00 1.000000000000000000e+00
1.714285714285714302e-01 1.714285714285714302e-01 1.000000000000000000e+00 1.000000000000000000e+00 1.000000000000000000e+00 1.000000000000000000e+00 1.000000000000000000e+00 1.000000000000000000e+00 1.000000000000000000e+00 1.000000000000000000e+00
1.714285714285714302e-01 1.000000000000000000e+00 1.000000000000000000e+00 1.000000000000000000e+00 1.000000000000000000e+00 1.000000000000000000e+00 1.000000000000000000e+00 1.000000000000000000e+00 1.000000000000000000e+00 1.000000000000000000e+00
