
Run 1
100	4.0	5	50.6	63	17.2	60
325	4.0	5	50.6	63	22.3	44
550	3.2	7	38.6	69	19.0	53
775	3.6	7	40.0	75	37.9	112
1000	5.6	7	56.0	75	43.4	103
1225	7.0	7	70.2	75	79.3	101
1450	7.0	7	69.4	75	64.2	112
1675	7.0	7	70.0	75	70.8	108
1900	7.0	7	69.6	75	58.4	80
2125	7.0	7	70.2	73	63.6	108

Run 2
100	3.5	5	35.2	63	30.2	77
325	3.0	6	29.0	65	24.4	81
550	4.8	7	51.8	71	40.7	85
775	5.1	7	53.2	71	34.2	79
1000	5.2	7	53.0	71	28.5	84
1225	4.8	7	51.0	71	32.0	59
1450	4.8	6	46.4	65	69.1	109
1675	4.5	6	38.8	65	28.1	68
1900	4.9	6	42.6	65	56.8	92
2125	4.4	5	30.0	49	34.9	59

Run 3
100	2.9	5	24.4	63	13.1	58
325	2.3	5	10.0	25	14.5	51
550	3.6	5	15.4	25	13.9	29
775	2.9	5	12.4	25	25.6	60
1000	3.4	5	14.2	25	25.8	38
1225	2.8	5	10.2	25	24.2	38
1450	3.0	5	10.6	25	28.6	36
1675	2.4	5	7.2	25	31.6	58
1900	2.5	5	6.0	11	34.1	56
2125	2.2	4	5.4	9	32.4	55

Run 4
100	3.0	5	38.2	63	11.8	40
325	1.5	5	19.0	63	9.2	46
550	2.7	5	31.2	63	20.2	47
775	3.7	6	38.4	67	33.7	87
1000	3.7	6	39.0	67	47.3	68
1225	3.3	6	28.8	65	44.2	90
1450	3.3	6	28.8	65	41.3	74
1675	3.6	7	19.6	61	39.2	95
1900	3.8	7	16.2	51	20.2	45
2125	4.8	7	17.0	25	34.8	63

Run 5
100	2.7	5	23.8	63	11.0	82
325	1.4	5	14.2	63	12.6	71
550	3.9	7	44.4	69	21.7	51
775	5.6	7	64.2	75	51.7	69
1000	5.6	7	64.2	69	39.8	65
1225	5.8	7	65.8	73	35.5	54
1450	6.0	7	66.8	75	53.2	88
1675	6.2	7	67.8	75	33.1	56
1900	6.2	7	68.0	75	66.7	93
2125	6.6	7	71.2	77	71.0	96

Run 6
100	2.8	5	32.6	63	8.1	38
325	3.0	7	23.4	69	9.9	45
550	3.2	7	17.8	57	10.7	36
775	4.1	7	19.4	57	25.1	47
1000	3.8	7	19.2	57	30.3	68
1225	3.7	7	15.0	29	41.6	69
1450	3.5	5	14.4	21	27.0	39
1675	3.2	4	13.6	17	36.3	52
1900	3.3	4	13.8	17	39.4	73
2125	3.0	4	11.8	15	49.6	111

Run 7
100	2.8	5	22.2	63	11.1	43
325	2.1	5	5.4	11	8.6	25
550	3.3	6	7.8	13	18.4	47
775	4.1	6	9.8	15	16.3	30
1000	3.7	6	8.8	13	19.8	39
1225	4.0	6	9.4	13	19.7	28
1450	4.0	6	9.6	13	18.0	37
1675	3.7	6	9.4	15	20.1	42
1900	3.7	6	9.8	17	18.9	34
2125	3.4	6	8.8	15	20.5	35

Run 8
100	2.6	5	27.0	63	8.5	38
325	1.2	3	3.6	9	8.0	31
550	1.8	3	4.8	9	13.7	50
775	2.0	3	5.2	9	12.1	23
1000	2.5	3	6.0	7	21.7	42
1225	3.0	7	8.0	23	21.5	60
1450	3.4	7	9.4	23	33.3	91
1675	3.6	7	10.6	23	28.3	49
1900	3.9	7	11.8	23	35.8	81
2125	4.8	7	15.4	25	20.8	44

Run 9
100	3.3	5	30.8	63	10.8	41
325	3.0	5	22.2	63	33.3	87
550	5.4	7	46.2	69	44.9	100
775	4.9	5	36.2	63	48.5	88
1000	4.8	5	35.0	63	39.9	75
1225	4.8	5	34.6	63	40.5	71
1450	4.8	5	26.4	63	37.3	73
1675	4.9	7	18.4	25	41.6	65
1900	5.1	7	20.4	27	34.7	68
2125	4.7	7	19.0	25	43.7	77

Run 10
100	2.0	5	16.8	63	5.8	16
325	2.0	5	7.8	25	13.7	62
550	3.9	6	15.6	27	21.0	43
775	4.2	6	15.8	27	35.3	78
1000	4.6	6	19.8	27	47.8	86
1225	4.7	6	20.0	27	33.9	70
1450	4.5	5	18.8	25	41.0	77
1675	4.4	5	17.0	25	34.0	62
1900	4.5	6	17.6	29	46.4	80
2125	4.7	6	16.6	25	42.2	109

Run 11
100	3.1	5	28.8	63	16.7	88
325	3.1	5	23.8	63	30.4	98
550	4.3	5	31.8	63	41.0	65
775	4.5	7	29.2	63	36.2	64
1000	4.3	5	35.2	63	28.2	44
1225	4.4	6	19.2	63	25.9	58
1450	4.8	6	15.6	21	29.7	44
1675	4.9	6	15.8	25	49.3	120
1900	4.6	6	15.0	25	35.0	83
2125	4.5	6	14.4	25	39.6	74

Run 12
100	4.5	5	56.8	63	21.3	64
325	4.8	7	57.2	67	22.1	54
550	5.1	6	62.6	65	40.5	57
775	5.1	6	62.4	65	38.8	85
1000	5.1	6	61.0	65	40.6	71
1225	5.2	6	59.8	65	33.4	62
1450	5.1	6	58.6	63	52.9	95
1675	5.1	6	57.8	63	49.0	79
1900	5.3	7	58.4	65	31.3	51
2125	5.9	7	60.6	67	47.2	98

Run 13
100	3.5	5	44.4	63	16.3	38
325	2.9	5	32.0	63	17.5	40
550	2.6	6	27.4	65	18.3	46
775	2.5	6	27.0	65	19.8	50
1000	2.0	5	20.8	61	16.0	78
1225	2.2	5	21.0	61	17.2	57
1450	3.2	5	32.4	61	35.8	103
1675	3.1	5	31.2	61	37.4	107
1900	3.1	5	31.4	61	44.1	109
2125	3.4	5	32.2	61	30.8	67

Run 14
100	3.1	5	28.2	63	12.6	59
325	2.2	5	11.2	63	16.5	66
550	2.9	5	18.2	63	30.7	81
775	3.2	5	14.2	63	40.7	60
1000	3.4	5	14.4	59	31.3	59
1225	3.2	4	9.4	11	50.8	78
1450	3.2	4	9.4	11	42.9	76
1675	3.3	4	9.6	11	47.6	83
1900	3.4	4	10.0	13	42.6	71
2125	3.3	4	9.6	13	46.3	99

Run 15
100	3.5	5	34.8	63	9.7	35
325	3.2	7	21.2	63	11.8	38
550	3.6	7	19.4	63	22.8	61
775	6.2	7	31.0	63	49.0	101
1000	6.6	7	29.4	33	60.4	100
1225	7.0	7	31.6	33	43.0	105
1450	7.0	7	31.4	35	67.5	89
1675	7.0	7	31.8	37	69.4	108
1900	7.0	7	31.8	37	60.9	99
2125	7.0	7	31.0	35	48.8	88

Run 16
100	4.7	5	52.8	63	18.5	41
325	4.5	6	42.4	65	27.7	48
550	4.8	7	32.0	63	12.5	27
775	5.6	7	29.2	63	21.3	46
1000	5.8	7	21.4	33	30.7	46
1225	6.0	7	21.2	33	26.2	54
1450	5.7	7	19.8	33	21.7	36
1675	6.1	7	19.6	33	24.0	72
1900	6.3	7	19.2	23	15.3	29
2125	5.9	7	18.6	27	26.2	64

Run 17
100	3.2	5	28.8	63	8.9	48
325	2.6	5	12.0	63	3.7	18
550	0.7	5	3.0	17	3.5	20
775	1.5	5	5.2	17	4.8	25
1000	2.9	7	9.8	27	9.6	22
1225	3.8	7	13.0	27	14.1	58
1450	3.5	7	12.0	27	18.8	81
1675	4.8	7	16.8	27	13.0	30
1900	5.3	7	18.4	27	43.2	83
2125	5.6	7	19.4	27	20.5	40

Run 18
100	3.0	5	33.2	63	14.6	52
325	2.2	5	16.2	63	14.0	46
550	3.1	5	28.4	63	26.5	54
775	3.2	5	33.8	63	73.6	157
1000	3.5	5	39.4	63	28.1	72
1225	4.0	6	45.4	67	52.1	94
1450	3.7	5	39.4	63	49.4	99
1675	3.1	5	28.6	63	46.5	88
1900	2.7	5	18.6	63	27.6	86
2125	2.4	4	8.4	13	17.3	51

Run 19
100	3.6	5	40.6	63	14.9	46
325	2.4	7	18.4	63	8.7	32
550	1.3	5	5.8	23	8.0	33
775	1.9	6	8.0	23	9.4	24
1000	3.6	7	13.4	25	11.8	29
1225	3.6	7	12.0	29	14.8	34
1450	3.2	7	9.8	25	15.0	29
1675	2.0	4	5.0	9	19.7	39
1900	2.2	4	5.4	9	18.1	36
2125	2.4	3	5.8	7	23.1	42

Run 20
100	3.1	5	35.4	63	5.8	32
325	0.8	5	4.8	33	3.0	21
550	0.4	1	1.8	3	1.9	14
775	0.4	1	1.8	3	0.0	0
1000	0.5	1	2.0	3	0.0	0
1225	0.2	1	1.4	3	0.0	0
1450	0.0	0	1.0	1	0.4	4
1675	0.0	0	1.0	1	0.0	0
1900	0.0	0	1.0	1	1.4	14
2125	0.6	6	2.8	19	9.1	86

Run 21
100	4.0	5	40.6	63	11.5	55
325	2.9	7	18.2	63	13.1	58
550	3.3	7	14.4	63	15.5	55
775	3.9	7	16.0	63	27.6	59
1000	3.6	7	10.0	19	39.9	85
1225	2.3	5	6.8	13	18.4	42
1450	2.1	4	6.2	11	21.4	46
1675	2.1	4	6.4	11	13.8	44
1900	2.1	4	5.6	9	17.6	38
2125	2.4	4	6.4	11	18.0	40

Run 22
100	2.5	5	18.0	63	6.4	48
325	2.1	5	8.4	27	13.6	45
550	1.8	5	6.2	27	5.6	25
775	1.8	5	4.6	11	9.3	28
1000	2.6	7	8.4	37	9.8	27
1225	2.8	7	8.8	37	19.3	38
1450	2.0	3	5.0	7	19.1	58
1675	2.1	3	5.2	7	18.3	50
1900	2.0	3	5.0	7	26.0	47
2125	2.1	3	5.2	7	17.8	88

Run 23
100	3.0	5	25.8	63	4.1	19
325	1.0	5	3.8	15	0.0	0
550	0.0	0	1.0	1	0.0	0
775	0.0	0	1.0	1	1.0	10
1000	0.0	0	1.0	1	0.5	4
1225	0.0	0	1.0	1	0.0	0
1450	0.0	0	1.0	1	0.0	0
1675	0.0	0	1.0	1	0.6	6
1900	0.0	0	1.0	1	0.0	0
2125	0.0	0	1.0	1	0.0	0

Run 24
100	3.6	5	44.6	63	14.6	56
325	2.1	5	25.4	63	13.9	74
550	3.6	7	36.6	63	32.7	60
775	5.3	7	55.8	63	37.5	51
1000	5.4	7	53.0	63	40.1	60
1225	5.3	7	53.0	63	40.0	62
1450	5.6	7	53.0	63	50.8	66
1675	5.8	7	52.6	63	49.0	83
1900	6.0	7	54.0	67	28.7	47
2125	6.1	7	53.8	63	48.4	72

Run 25
100	3.6	5	40.2	63	12.8	39
325	3.2	7	25.8	63	7.7	21
550	2.8	5	19.4	63	18.3	49
775	2.3	5	8.8	19	22.5	36
1000	2.9	5	11.4	19	32.5	69
1225	2.6	5	10.6	19	27.8	47
1450	3.3	5	13.4	19	12.0	39
1675	3.3	5	13.6	19	27.0	44
1900	3.1	5	12.8	19	16.0	46
2125	3.3	5	13.2	19	34.9	48

Run 26
100	3.0	5	38.2	63	13.2	34
325	1.2	5	13.8	63	7.4	61
550	0.2	2	1.4	5	0.0	0
775	0.0	0	1.0	1	14.7	54
1000	0.0	0	1.0	1	0.0	0
1225	0.7	7	3.8	29	7.2	72
1450	2.8	7	12.4	31	18.0	52
1675	6.3	7	26.8	37	37.0	76
1900	7.0	7	29.6	37	48.6	77
2125	7.0	7	30.0	37	36.1	62

Run 27
100	2.8	5	27.6	63	11.3	75
325	3.0	7	24.0	63	14.1	41
550	4.1	7	29.6	63	29.5	111
775	6.5	7	35.2	59	48.7	93
1000	7.0	7	31.4	35	64.8	138
1225	7.0	7	30.8	33	59.8	96
1450	7.0	7	29.0	33	57.4	115
1675	6.6	7	25.8	33	62.3	105
1900	6.3	7	23.8	33	55.2	141
2125	5.5	7	20.4	33	55.1	101

Run 28
100	3.9	5	41.8	63	12.5	41
325	2.6	5	32.0	63	24.4	93
550	3.6	6	44.0	63	26.0	46
775	4.2	6	49.8	63	32.3	58
1000	4.5	7	49.6	67	43.9	91
1225	4.3	7	43.8	67	35.4	67
1450	4.5	6	48.0	63	34.9	75
1675	4.0	6	41.4	63	30.6	56
1900	4.0	6	41.8	63	48.0	78
2125	3.4	6	35.0	63	27.6	74

Run 29
100	3.7	5	30.8	63	7.2	41
325	1.7	5	6.0	21	2.0	15
550	1.1	5	5.0	21	9.5	44
775	3.8	6	14.0	27	35.1	79
1000	5.4	6	18.6	27	47.8	90
1225	5.6	6	19.4	23	41.7	59
1450	5.8	7	20.6	25	31.9	55
1675	5.5	6	19.2	23	44.7	76
1900	5.4	6	19.0	23	43.9	72
2125	5.6	7	19.8	27	50.5	62

Run 30
100	4.1	5	41.4	63	16.5	65
325	3.3	5	33.6	63	27.0	86
550	3.4	5	34.0	63	32.3	82
775	4.6	7	51.4	69	36.8	86
1000	5.3	7	63.4	67	43.9	89
1225	5.1	6	62.4	65	81.5	129
1450	5.1	6	62.6	65	30.3	51
1675	5.3	7	62.2	65	38.8	60
1900	5.1	6	61.2	65	69.2	100
2125	5.0	5	60.0	63	51.4	119
