1.696428571428571508e-01 0.000000000000000000e+00 2.589285714285714524e-01 0.000000000000000000e+00 1.785714285714285615e-02 1.339285714285714246e-01 2.678571428571428423e-02 1.160714285714285754e-01 4.464285714285714524e-01 1.785714285714285754e-01
9.821428571428571230e-02 3.571428571428571230e-02 5.357142857142856845e-02 3.571428571428571230e-02 2.678571428571428492e-01 2.678571428571428492e-01 7.142857142857142461e-02 2.142857142857142738e-01 1.607142857142857262e-01 1.000000000000000000e+00
1.339285714285714246e-01 3.571428571428571230e-02 4.464285714285714385e-02 1.160714285714285754e-01 3.571428571428571230e-02 7.142857142857142461e-02 1.785714285714285754e-01 2.767857142857143016e-01 1.000000000000000000e+00 1.000000000000000000e+00
2.589285714285714524e-01 2.678571428571428492e-01 1.339285714285714246e-01 2.410714285714285754e-01 2.946428571428571508e-01 5.000000000000000000e-01 6.250000000000000000e-02 1.000000000000000000e+00 1.000000000000000000e+00 1.000000000000000000e+00
8.035714285714286309e-02 2.678571428571428492e-01 1.250000000000000000e-01 4.732142857142856984e-01 1.517857142857142738e-01 1.964285714285714246e-01 1.000000000000000000e+00 1.000000000000000000e+00 1.000000000000000000e+00 1.000000000000000000e+00
1.250000000000000000e-01 4.017857142857143016e-01 2.678571428571428492e-01 1.607142857142857262e-01 9.017857142857143016e-01 1.000000000000000000e+00 1.000000000000000000e+00 1.000000000000000000e+00 1.000000000000000000e+00 1.000000000000000000e+00
8.035714285714286309e-02 2.589285714285714524e-01 9.642857142857143016e-01 5.267857142857143016e-01 1.000000000000000000e+00 1.000000000000000000e+00 1.000000000000000000e+00 1.000000000000000000e+00 1.000000000000000000e+00 1.000000000000000000e+00
2.321428571428571508e-01 1.000000000000000000e+00 1.339285714285714246e-01 1.000000000000000000e+00 1.000000000000000000e+00 1.000000000000000000e+00 1.000000000000000000e+00 1.000000000000000000e+00 1.000000000000000000e+00 1.000000000000000000e+00
9.821428571428571230e-02 5.982142857142856984e-01 1.000000000000000000e+00 1.000000000000000000e+00 1.000000000000000000e+00 1.000000000000000000e+00 1.000000000000000000e+00 1.000000000000000000e+00 1.000000000000000000e+00 1.000000000000000000e+00
1.696428571428571508e-01 1.000000000000000000e+00 1.000000000000000000e+00 1.000000000000000000e+00 1.000000000000000000e+00 1.000000000000000000e+00 1.000000000000000000e+00 1.000000000000000000e+00 1.000000000000000000e+00 1.000000000000000000e+00
