4.749999999999999778e-01 5.749999999999999556e-01 3.125000000000000000e-01 3.499999999999999778e-01 6.500000000000000222e-01 5.999999999999999778e-01 9.875000000000000444e-01 3.624999999999999889e-01 1.250000000000000069e-02 1.875000000000000000e-01
2.374999999999999889e-01 2.124999999999999944e-01 8.749999999999999445e-02 0.000000000000000000e+00 6.624999999999999778e-01 8.749999999999999445e-02 7.874999999999999778e-01 3.624999999999999889e-01 8.749999999999999445e-02 1.000000000000000000e+00
3.499999999999999778e-01 1.125000000000000028e-01 6.500000000000000222e-01 1.875000000000000000e-01 5.875000000000000222e-01 2.000000000000000111e-01 5.000000000000000000e-01 1.000000000000000000e+00 1.000000000000000000e+00 1.000000000000000000e+00
1.250000000000000069e-02 2.750000000000000222e-01 3.875000000000000111e-01 4.749999999999999778e-01 1.499999999999999944e-01 3.250000000000000111e-01 5.124999999999999556e-01 1.000000000000000000e+00 1.000000000000000000e+00 1.000000000000000000e+00
2.000000000000000111e-01 3.499999999999999778e-01 2.500000000000000000e-01 6.250000000000000000e-02 3.375000000000000222e-01 8.749999999999999445e-02 1.000000000000000000e+00 1.000000000000000000e+00 1.000000000000000000e+00 1.000000000000000000e+00
2.750000000000000222e-01 3.624999999999999889e-01 1.250000000000000000e-01 5.250000000000000222e-01 3.499999999999999778e-01 1.000000000000000000e+00 1.000000000000000000e+00 1.000000000000000000e+00 1.000000000000000000e+00 1.000000000000000000e+00
2.000000000000000111e-01 2.750000000000000222e-01 4.749999999999999778e-01 1.125000000000000028e-01 1.000000000000000000e+00 1.000000000000000000e+00 1.000000000000000000e+00 1.000000000000000000e+00 1.000000000000000000e+00 1.000000000000000000e+00
3.499999999999999778e-01 3.875000000000000111e-01 2.500000000000000000e-01 1.000000000000000000e+00 1.000000000000000000e+00 1.000000000000000000e+00 1.000000000000000000e+00 1.000000000000000000e+00 1.000000000000000000e+00 1.000000000000000000e+00
5.999999999999999778e-01 1.749999999999999889e-01 1.000000000000000000e+00 1.000000000000000000e+00 1.000000000000000000e+00 1.000000000000000000e+00 1.000000000000000000e+00 1.000000000000000000e+00 1.000000000000000000e+00 1.000000000000000000e+00
2.124999999999999944e-01 1.000000000000000000e+00 1.000000000000000000e+00 1.000000000000000000e+00 1.000000000000000000e+00 1.000000000000000000e+00 1.000000000000000000e+00 1.000000000000000000e+00 1.000000000000000000e+00 1.000000000000000000e+00
