3.846153846153846367e-02 2.051282051282051211e-01 2.179487179487179516e-01 2.564102564102564014e-02 4.615384615384615641e-01 5.000000000000000000e-01 1.538461538461538547e-01 3.205128205128205399e-01 7.051282051282051766e-01 1.538461538461538547e-01
1.000000000000000000e+00 1.153846153846153910e-01 3.717948717948718063e-01 4.230769230769230727e-01 5.128205128205127750e-01 0.000000000000000000e+00 2.307692307692307820e-01 7.692307692307692735e-02 2.948717948717948789e-01 1.000000000000000000e+00
7.948717948717948234e-01 4.743589743589743390e-01 6.282051282051281937e-01 1.666666666666666574e-01 1.282051282051282007e-02 1.666666666666666574e-01 6.410256410256409687e-02 7.435897435897436125e-01 1.000000000000000000e+00 1.000000000000000000e+00
6.410256410256410797e-01 1.282051282051281937e-01 5.512820512820513219e-01 0.000000000000000000e+00 2.564102564102563875e-01 3.717948717948718063e-01 1.025641025641025605e-01 1.000000000000000000e+00 1.000000000000000000e+00 1.000000000000000000e+00
6.282051282051281937e-01 1.282051282051281937e-01 1.923076923076923184e-01 4.871794871794871695e-01 1.282051282051282007e-02 1.282051282051282007e-02 1.000000000000000000e+00 1.000000000000000000e+00 1.000000000000000000e+00 1.000000000000000000e+00
1.538461538461538547e-01 7.692307692307692735e-02 2.564102564102564014e-02 1.282051282051281937e-01 2.564102564102563875e-01 1.000000000000000000e+00 1.000000000000000000e+00 1.000000000000000000e+00 1.000000000000000000e+00 1.000000000000000000e+00
9.487179487179486781e-01 1.923076923076923184e-01 2.692307692307692180e-01 1.282051282051281937e-01 1.000000000000000000e+00 1.000000000000000000e+00 1.000000000000000000e+00 1.000000000000000000e+00 1.000000000000000000e+00 1.000000000000000000e+00
2.435897435897435848e-01 4.743589743589743390e-01 4.358974358974359031e-01 1.000000000000000000e+00 1.000000000000000000e+00 1.000000000000000000e+00 1.000000000000000000e+00 1.000000000000000000e+00 1.000000000000000000e+00 1.000000000000000000e+00
9.871794871794872250e-01 1.282051282051282007e-02 1.000000000000000000e+00 1.000000000000000000e+00 1.000000000000000000e+00 1.000000000000000000e+00 1.000000000000000000e+00 1.000000000000000000e+00 1.000000000000000000e+00 1.000000000000000000e+00
8.076923076923077094e-01 1.000000000000000000e+00 1.000000000000000000e+00 1.000000000000000000e+00 1.000000000000000000e+00 1.000000000000000000e+00 1.000000000000000000e+00 1.000000000000000000e+00 1.000000000000000000e+00 1.000000000000000000e+00
