5.000000000000000000e-01 8.571428571428571508e-02 1.142857142857142821e-01 3.285714285714285698e-01 2.714285714285714080e-01 4.714285714285714191e-01 1.000000000000000056e-01 4.714285714285714191e-01 2.428571428571428548e-01 3.428571428571428603e-01
1.142857142857142821e-01 2.571428571428571175e-01 2.285714285714285643e-01 4.000000000000000222e-01 3.714285714285714413e-01 2.857142857142856984e-01 5.571428571428571619e-01 2.999999999999999889e-01 2.285714285714285643e-01 1.000000000000000000e+00
5.000000000000000000e-01 3.142857142857142794e-01 2.999999999999999889e-01 8.571428571428571508e-02 3.428571428571428603e-01 7.142857142857142461e-02 4.285714285714285754e-02 7.285714285714285365e-01 1.000000000000000000e+00 1.000000000000000000e+00
3.571428571428571508e-01 2.999999999999999889e-01 1.571428571428571397e-01 4.714285714285714191e-01 2.428571428571428548e-01 3.285714285714285698e-01 3.142857142857142794e-01 1.000000000000000000e+00 1.000000000000000000e+00 1.000000000000000000e+00
0.000000000000000000e+00 0.000000000000000000e+00 2.428571428571428548e-01 3.142857142857142794e-01 2.000000000000000111e-01 3.285714285714285698e-01 1.000000000000000000e+00 1.000000000000000000e+00 1.000000000000000000e+00 1.000000000000000000e+00
7.142857142857142461e-02 7.142857142857142461e-02 5.999999999999999778e-01 1.000000000000000000e+00 1.428571428571428492e-01 1.000000000000000000e+00 1.000000000000000000e+00 1.000000000000000000e+00 1.000000000000000000e+00 1.000000000000000000e+00
2.714285714285714080e-01 6.999999999999999556e-01 8.571428571428571508e-02 7.285714285714285365e-01 1.000000000000000000e+00 1.000000000000000000e+00 1.000000000000000000e+00 1.000000000000000000e+00 1.000000000000000000e+00 1.000000000000000000e+00
5.285714285714285809e-01 4.857142857142857095e-01 1.428571428571428492e-01 1.000000000000000000e+00 1.000000000000000000e+00 1.000000000000000000e+00 1.000000000000000000e+00 1.000000000000000000e+00 1.000000000000000000e+00 1.000000000000000000e+00
0.000000000000000000e+00 5.857142857142857428e-01 1.000000000000000000e+00 1.000000000000000000e+00 1.000000000000000000e+00 1.000000000000000000e+00 1.000000000000000000e+00 1.000000000000000000e+00 1.000000000000000000e+00 1.000000000000000000e+00
5.714285714285714107e-02 1.000000000000000000e+00 1.000000000000000000e+00 1.000000000000000000e+00 1.000000000000000000e+00 1.000000000000000000e+00 1.000000000000000000e+00 1.000000000000000000e+00 1.000000000000000000e+00 1.000000000000000000e+00
