1.511627906976744096e-01 2.558139534883721034e-01 0.000000000000000000e+00 5.348837209302325091e-01 2.558139534883721034e-01 8.255813953488372325e-01 1.046511627906976799e-01 4.651162790697674354e-01 3.488372093023255766e-02 2.906976744186046679e-01
2.325581395348837177e-02 1.511627906976744096e-01 3.488372093023255766e-02 1.511627906976744096e-01 4.302325581395348708e-01 2.325581395348837177e-01 3.139534883720930258e-01 3.488372093023255766e-02 1.395348837209302306e-01 1.000000000000000000e+00
4.302325581395348708e-01 1.976744186046511531e-01 2.674418604651162545e-01 1.279069767441860517e-01 2.325581395348837177e-01 2.209302325581395388e-01 3.488372093023255904e-01 4.651162790697674354e-01 1.000000000000000000e+00 1.000000000000000000e+00
6.976744186046511531e-02 6.395348837209302584e-01 9.302325581395348708e-02 1.395348837209302306e-01 2.790697674418604612e-01 1.627906976744186163e-01 2.441860465116278966e-01 1.000000000000000000e+00 1.000000000000000000e+00 1.000000000000000000e+00
2.093023255813953598e-01 1.976744186046511531e-01 9.069767441860464574e-01 3.720930232558139483e-01 1.000000000000000000e+00 3.488372093023255904e-01 1.000000000000000000e+00 1.000000000000000000e+00 1.000000000000000000e+00 1.000000000000000000e+00
1.860465116279069742e-01 6.511627906976744651e-01 0.000000000000000000e+00 4.069767441860465129e-01 4.534883720930232287e-01 1.000000000000000000e+00 1.000000000000000000e+00 1.000000000000000000e+00 1.000000000000000000e+00 1.000000000000000000e+00
1.627906976744186163e-01 1.395348837209302306e-01 3.488372093023255904e-01 5.813953488372092943e-02 1.000000000000000000e+00 1.000000000000000000e+00 1.000000000000000000e+00 1.000000000000000000e+00 1.000000000000000000e+00 1.000000000000000000e+00
4.302325581395348708e-01 2.325581395348837177e-02 5.813953488372092943e-02 1.000000000000000000e+00 1.000000000000000000e+00 1.000000000000000000e+00 1.000000000000000000e+00 1.000000000000000000e+00 1.000000000000000000e+00 1.000000000000000000e+00
3.488372093023255766e-02 5.581395348837209225e-01 1.000000000000000000e+00 1.000000000000000000e+00 1.000000000000000000e+00 1.000000000000000000e+00 1.000000000000000000e+00 1.000000000000000000e+00 1.000000000000000000e+00 1.000000000000000000e+00
1.046511627906976799e-01 1.000000000000000000e+00 1.000000000000000000e+00 1.000000000000000000e+00 1.000000000000000000e+00 1.000000000000000000e+00 1.000000000000000000e+00 1.000000000000000000e+00 1.000000000000000000e+00 1.000000000000000000e+00
