5.686274509803921351e-01 2.549019607843137081e-01 4.313725490196078649e-01 5.098039215686274161e-01 0.000000000000000000e+00 5.098039215686274161e-01 3.333333333333333148e-01 2.941176470588235392e-01 2.549019607843137081e-01 2.941176470588235392e-01
7.647058823529411242e-01 2.745098039215686514e-01 2.549019607843137081e-01 5.294117647058823595e-01 8.431372549019607865e-01 1.960784313725490169e-02 2.156862745098039325e-01 2.549019607843137081e-01 1.960784313725490169e-01 1.000000000000000000e+00
5.882352941176470784e-01 1.960784313725490169e-02 3.137254901960784270e-01 7.843137254901960675e-02 5.882352941176470507e-02 6.470588235294117974e-01 3.137254901960784270e-01 1.960784313725490169e-02 1.000000000000000000e+00 1.000000000000000000e+00
4.901960784313725283e-01 4.117647058823529216e-01 2.549019607843137081e-01 2.352941176470588203e-01 5.882352941176470784e-01 6.470588235294117974e-01 4.901960784313725283e-01 1.000000000000000000e+00 1.000000000000000000e+00 1.000000000000000000e+00
3.333333333333333148e-01 4.509803921568627527e-01 2.745098039215686514e-01 7.843137254901960675e-01 3.921568627450980338e-02 2.156862745098039325e-01 1.000000000000000000e+00 1.000000000000000000e+00 1.000000000000000000e+00 1.000000000000000000e+00
5.098039215686274161e-01 1.568627450980392135e-01 2.549019607843137081e-01 9.803921568627450567e-01 1.960784313725490169e-01 1.000000000000000000e+00 1.000000000000000000e+00 1.000000000000000000e+00 1.000000000000000000e+00 1.000000000000000000e+00
3.333333333333333148e-01 3.921568627450980338e-01 6.274509803921568540e-01 6.470588235294117974e-01 1.000000000000000000e+00 1.000000000000000000e+00 1.000000000000000000e+00 1.000000000000000000e+00 1.000000000000000000e+00 1.000000000000000000e+00
4.509803921568627527e-01 9.803921568627450844e-02 2.156862745098039325e-01 1.000000000000000000e+00 1.000000000000000000e+00 1.000000000000000000e+00 1.000000000000000000e+00 1.000000000000000000e+00 1.000000000000000000e+00 1.000000000000000000e+00
4.901960784313725283e-01 1.000000000000000000e+00 1.000000000000000000e+00 1.000000000000000000e+00 1.000000000000000000e+00 1.000000000000000000e+00 1.000000000000000000e+00 1.000000000000000000e+00 1.000000000000000000e+00 1.000000000000000000e+00
3.333333333333333148e-01 1.000000000000000000e+00 1.000000000000000000e+00 1.000000000000000000e+00 1.000000000000000000e+00 1.000000000000000000e+00 1.000000000000000000e+00 1.000000000000000000e+00 1.000000000000000000e+00 1.000000000000000000e+00
