9.574468085106382920e-02 8.510638297872340219e-02 6.382978723404254817e-02 3.936170212765957577e-01 3.829787234042553168e-01 1.808510638297872453e-01 4.148936170212765839e-01 1.808510638297872453e-01 1.702127659574468044e-01 4.042553191489361430e-01
2.765957446808510745e-01 1.170212765957446832e-01 1.808510638297872453e-01 3.510638297872340496e-01 3.617021276595744905e-01 1.063829787234042562e-01 5.212765957446808818e-01 3.723404255319148759e-01 2.127659574468085124e-01 1.000000000000000000e+00
1.063829787234042562e-01 1.914893617021276584e-01 1.382978723404255372e-01 9.574468085106382920e-02 1.702127659574468044e-01 3.404255319148936088e-01 2.553191489361701927e-01 4.255319148936170248e-01 1.000000000000000000e+00 1.000000000000000000e+00
1.914893617021276584e-01 2.765957446808510745e-01 3.829787234042553168e-01 4.893617021276595591e-01 7.446808510638297518e-02 2.340425531914893664e-01 2.978723404255319007e-01 1.000000000000000000e+00 1.000000000000000000e+00 1.000000000000000000e+00
9.574468085106382920e-02 1.489361702127659504e-01 2.127659574468085055e-02 1.382978723404255372e-01 1.170212765957446832e-01 3.723404255319148759e-01 1.000000000000000000e+00 1.000000000000000000e+00 1.000000000000000000e+00 1.000000000000000000e+00
1.063829787234042562e-01 1.702127659574468044e-01 7.978723404255319007e-01 4.787234042553191737e-01 1.914893617021276584e-01 1.000000000000000000e+00 1.000000000000000000e+00 1.000000000000000000e+00 1.000000000000000000e+00 1.000000000000000000e+00
1.382978723404255372e-01 7.021276595744680993e-01 5.319148936170212810e-02 1.595744680851063912e-01 1.000000000000000000e+00 1.000000000000000000e+00 1.000000000000000000e+00 1.000000000000000000e+00 1.000000000000000000e+00 1.000000000000000000e+00
4.255319148936170109e-02 0.000000000000000000e+00 1.808510638297872453e-01 1.000000000000000000e+00 1.000000000000000000e+00 1.000000000000000000e+00 1.000000000000000000e+00 1.000000000000000000e+00 1.000000000000000000e+00 1.000000000000000000e+00
4.680851063829787329e-01 1.000000000000000000e+00 1.000000000000000000e+00 1.000000000000000000e+00 1.000000000000000000e+00 1.000000000000000000e+00 1.000000000000000000e+00 1.000000000000000000e+00 1.000000000000000000e+00 1.000000000000000000e+00
1.914893617021276584e-01 1.000000000000000000e+00 1.000000000000000000e+00 1.000000000000000000e+00 1.000000000000000000e+00 1.000000000000000000e+00 1.000000000000000000e+00 1.000000000000000000e+00 1.000000000000000000e+00 1.000000000000000000e+00
