4.081632653061224164e-02 2.040816326530612082e-02 5.102040816326530726e-02 3.061224489795918297e-02 7.142857142857142461e-02 1.224489795918367319e-01 1.530612244897959218e-01 4.081632653061224164e-02 2.448979591836734637e-01 9.183673469387755584e-02
6.122448979591836593e-02 1.836734693877551117e-01 8.163265306122448328e-02 0.000000000000000000e+00 1.530612244897959218e-01 1.224489795918367319e-01 5.102040816326530726e-02 7.142857142857142461e-02 2.755102040816326259e-01 1.000000000000000000e+00
4.081632653061224164e-02 1.428571428571428492e-01 1.938775510204081565e-01 0.000000000000000000e+00 1.326530612244898044e-01 1.000000000000000000e+00 1.224489795918367319e-01 1.428571428571428492e-01 1.000000000000000000e+00 1.000000000000000000e+00
2.040816326530612290e-01 6.122448979591836593e-02 3.061224489795918297e-02 3.265306122448979331e-01 3.061224489795918297e-02 1.734693877551020391e-01 6.122448979591836593e-02 1.000000000000000000e+00 1.000000000000000000e+00 1.000000000000000000e+00
2.142857142857142738e-01 4.081632653061224164e-02 6.122448979591836593e-02 1.020408163265306041e-02 1.020408163265306145e-01 2.040816326530612082e-02 1.000000000000000000e+00 1.000000000000000000e+00 1.000000000000000000e+00 1.000000000000000000e+00
4.081632653061224164e-02 2.244897959183673464e-01 5.102040816326530726e-02 2.040816326530612082e-02 5.102040816326530726e-02 1.000000000000000000e+00 1.000000000000000000e+00 1.000000000000000000e+00 1.000000000000000000e+00 1.000000000000000000e+00
2.040816326530612082e-02 4.081632653061224164e-02 1.020408163265306041e-02 1.020408163265306145e-01 1.000000000000000000e+00 1.000000000000000000e+00 1.000000000000000000e+00 1.000000000000000000e+00 1.000000000000000000e+00 1.000000000000000000e+00
2.857142857142856984e-01 2.040816326530612082e-02 7.142857142857142461e-02 1.000000000000000000e+00 1.000000000000000000e+00 1.000000000000000000e+00 1.000000000000000000e+00 1.000000000000000000e+00 1.000000000000000000e+00 1.000000000000000000e+00
1.020408163265306041e-02 2.142857142857142738e-01 1.000000000000000000e+00 1.000000000000000000e+00 1.000000000000000000e+00 1.000000000000000000e+00 1.000000000000000000e+00 1.000000000000000000e+00 1.000000000000000000e+00 1.000000000000000000e+00
1.734693877551020391e-01 1.000000000000000000e+00 1.000000000000000000e+00 1.000000000000000000e+00 1.000000000000000000e+00 1.000000000000000000e+00 1.000000000000000000e+00 1.000000000000000000e+00 1.000000000000000000e+00 1.000000000000000000e+00
