2.297297297297297425e-01 5.405405405405405705e-02 1.486486486486486569e-01 1.486486486486486569e-01 1.081081081081081141e-01 1.351351351351351426e-01 6.621621621621621712e-01 2.027027027027027140e-01 3.243243243243243423e-01 1.000000000000000000e+00
1.756756756756756854e-01 2.162162162162162282e-01 1.486486486486486569e-01 1.081081081081081141e-01 2.567567567567567433e-01 1.081081081081081141e-01 5.540540540540540571e-01 3.378378378378378288e-01 5.000000000000000000e-01 1.000000000000000000e+00
1.351351351351351426e-01 8.108108108108108558e-02 4.054054054054054279e-01 1.486486486486486569e-01 1.351351351351351426e-01 2.702702702702702853e-01 3.108108108108108003e-01 3.243243243243243423e-01 1.000000000000000000e+00 1.000000000000000000e+00
1.486486486486486569e-01 1.081081081081081141e-01 2.297297297297297425e-01 3.513513513513513709e-01 2.027027027027027140e-01 5.540540540540540571e-01 5.810810810810810301e-01 1.000000000000000000e+00 1.000000000000000000e+00 1.000000000000000000e+00
1.891891891891891997e-01 4.054054054054054279e-02 1.891891891891891997e-01 1.081081081081081141e-01 2.567567567567567433e-01 3.918918918918918859e-01 1.000000000000000000e+00 1.000000000000000000e+00 1.000000000000000000e+00 1.000000000000000000e+00
2.702702702702702853e-01 8.108108108108108558e-02 1.891891891891891997e-01 1.081081081081081141e-01 1.621621621621621712e-01 1.000000000000000000e+00 1.000000000000000000e+00 1.000000000000000000e+00 1.000000000000000000e+00 1.000000000000000000e+00
8.108108108108108558e-02 0.000000000000000000e+00 1.081081081081081141e-01 1.891891891891891997e-01 1.000000000000000000e+00 1.000000000000000000e+00 1.000000000000000000e+00 1.000000000000000000e+00 1.000000000000000000e+00 1.000000000000000000e+00
6.756756756756757132e-02 4.054054054054054279e-02 1.081081081081081141e-01 1.000000000000000000e+00 1.000000000000000000e+00 1.000000000000000000e+00 1.000000000000000000e+00 1.000000000000000000e+00 1.000000000000000000e+00 1.000000000000000000e+00
1.621621621621621712e-01 8.108108108108108558e-02 1.000000000000000000e+00 1.000000000000000000e+00 1.000000000000000000e+00 1.000000000000000000e+00 1.000000000000000000e+00 1.000000000000000000e+00 1.000000000000000000e+00 1.000000000000000000e+00
4.594594594594594850e-01 1.000000000000000000e+00 1.000000000000000000e+00 1.000000000000000000e+00 1.000000000000000000e+00 1.000000000000000000e+00 1.000000000000000000e+00 1.000000000000000000e+00 1.000000000000000000e+00 1.000000000000000000e+00
