2.962962962962962798e-01 3.703703703703703498e-01 9.876543209876542662e-02 5.308641975308642236e-01 1.000000000000000000e+00 5.185185185185184897e-01 5.555555555555555802e-01 4.938271604938271331e-01 6.296296296296296502e-01 6.666666666666666297e-01
1.851851851851851749e-01 8.148148148148147696e-01 2.592592592592592449e-01 5.061728395061728669e-01 3.703703703703703498e-01 4.444444444444444198e-01 3.950617283950617065e-01 4.320987654320987414e-01 3.333333333333333148e-01 1.000000000000000000e+00
0.000000000000000000e+00 4.444444444444444198e-01 4.938271604938271331e-02 3.086419753086419582e-01 7.407407407407406996e-01 6.913580246913579863e-01 8.395061728395061262e-01 5.679012345679012030e-01 1.000000000000000000e+00 1.000000000000000000e+00
4.814814814814814548e-01 4.444444444444444198e-01 2.469135802469135665e-01 3.209876543209876365e-01 3.580246913580246715e-01 7.160493827160493430e-01 7.160493827160493430e-01 1.000000000000000000e+00 1.000000000000000000e+00 1.000000000000000000e+00
4.814814814814814548e-01 2.962962962962962798e-01 2.592592592592592449e-01 4.691358024691357764e-01 5.308641975308642236e-01 7.160493827160493430e-01 1.000000000000000000e+00 1.000000000000000000e+00 1.000000000000000000e+00 1.000000000000000000e+00
4.814814814814814548e-01 3.703703703703703498e-01 3.209876543209876365e-01 3.703703703703703498e-01 3.333333333333333148e-01 1.000000000000000000e+00 1.000000000000000000e+00 1.000000000000000000e+00 1.000000000000000000e+00 1.000000000000000000e+00
1.851851851851851749e-01 3.333333333333333148e-01 3.703703703703703498e-02 5.308641975308642236e-01 1.000000000000000000e+00 1.000000000000000000e+00 1.000000000000000000e+00 1.000000000000000000e+00 1.000000000000000000e+00 1.000000000000000000e+00
2.345679012345678882e-01 2.098765432098765316e-01 2.098765432098765316e-01 1.000000000000000000e+00 1.000000000000000000e+00 1.000000000000000000e+00 1.000000000000000000e+00 1.000000000000000000e+00 1.000000000000000000e+00 1.000000000000000000e+00
0.000000000000000000e+00 2.098765432098765316e-01 1.000000000000000000e+00 1.000000000000000000e+00 1.000000000000000000e+00 1.000000000000000000e+00 1.000000000000000000e+00 1.000000000000000000e+00 1.000000000000000000e+00 1.000000000000000000e+00
3.827160493827160281e-01 1.000000000000000000e+00 1.000000000000000000e+00 1.000000000000000000e+00 1.000000000000000000e+00 1.000000000000000000e+00 1.000000000000000000e+00 1.000000000000000000e+00 1.000000000000000000e+00 1.000000000000000000e+00
