4.102564102564102422e-01 3.846153846153846367e-02 9.102564102564102422e-01 0.000000000000000000e+00 1.000000000000000000e+00 5.769230769230768718e-01 9.487179487179486781e-01 4.615384615384615641e-01 3.333333333333333148e-01 6.153846153846154188e-01
3.333333333333333148e-01 7.179487179487179516e-01 4.230769230769230727e-01 1.153846153846153910e-01 4.102564102564102422e-01 5.769230769230768718e-01 5.256410256410256610e-01 3.461538461538461453e-01 4.102564102564102422e-01 1.000000000000000000e+00
4.102564102564102422e-01 0.000000000000000000e+00 3.333333333333333148e-01 6.410256410256409687e-02 6.666666666666666297e-01 8.205128205128204844e-01 3.333333333333333148e-01 4.743589743589743390e-01 1.000000000000000000e+00 1.000000000000000000e+00
4.615384615384615641e-01 1.025641025641025605e-01 4.102564102564102422e-01 6.025641025641025328e-01 3.333333333333333148e-01 7.435897435897436125e-01 3.589743589743589758e-01 1.000000000000000000e+00 1.000000000000000000e+00 1.000000000000000000e+00
5.000000000000000000e-01 4.487179487179487336e-01 3.846153846153846367e-01 7.564102564102563875e-01 4.487179487179487336e-01 6.282051282051281937e-01 1.000000000000000000e+00 1.000000000000000000e+00 1.000000000000000000e+00 1.000000000000000000e+00
3.846153846153846367e-01 1.153846153846153910e-01 6.410256410256410797e-01 2.179487179487179516e-01 6.410256410256410797e-01 1.000000000000000000e+00 1.000000000000000000e+00 1.000000000000000000e+00 1.000000000000000000e+00 1.000000000000000000e+00
3.205128205128205399e-01 3.461538461538461453e-01 6.410256410256410797e-01 6.410256410256409687e-02 1.000000000000000000e+00 1.000000000000000000e+00 1.000000000000000000e+00 1.000000000000000000e+00 1.000000000000000000e+00 1.000000000000000000e+00
3.717948717948718063e-01 1.153846153846153910e-01 3.333333333333333148e-01 1.000000000000000000e+00 1.000000000000000000e+00 1.000000000000000000e+00 1.000000000000000000e+00 1.000000000000000000e+00 1.000000000000000000e+00 1.000000000000000000e+00
5.256410256410256610e-01 8.205128205128204844e-01 1.000000000000000000e+00 1.000000000000000000e+00 1.000000000000000000e+00 1.000000000000000000e+00 1.000000000000000000e+00 1.000000000000000000e+00 1.000000000000000000e+00 1.000000000000000000e+00
3.717948717948718063e-01 1.000000000000000000e+00 1.000000000000000000e+00 1.000000000000000000e+00 1.000000000000000000e+00 1.000000000000000000e+00 1.000000000000000000e+00 1.000000000000000000e+00 1.000000000000000000e+00 1.000000000000000000e+00
