1.636363636363636354e-01 1.090909090909090856e-01 1.454545454545454475e-01 3.818181818181818343e-01 2.000000000000000111e-01 2.545454545454545192e-01 3.090909090909090828e-01 4.909090909090909061e-01 4.363636363636363424e-01 6.363636363636363535e-01
1.454545454545454475e-01 1.272727272727272596e-01 2.545454545454545192e-01 9.090909090909091161e-02 3.272727272727272707e-01 2.545454545454545192e-01 4.545454545454545303e-01 7.090909090909091050e-01 7.272727272727272929e-01 1.000000000000000000e+00
2.000000000000000111e-01 2.727272727272727071e-01 1.090909090909090856e-01 7.272727272727272374e-02 2.727272727272727071e-01 4.727272727272727182e-01 2.363636363636363591e-01 8.909090909090908728e-01 1.000000000000000000e+00 1.000000000000000000e+00
9.090909090909091161e-02 7.272727272727272374e-02 9.090909090909091161e-02 2.909090909090908950e-01 1.454545454545454475e-01 3.454545454545454586e-01 1.000000000000000000e+00 1.000000000000000000e+00 1.000000000000000000e+00 1.000000000000000000e+00
3.636363636363636465e-01 1.090909090909090856e-01 1.636363636363636354e-01 4.363636363636363424e-01 1.636363636363636354e-01 1.272727272727272596e-01 1.000000000000000000e+00 1.000000000000000000e+00 1.000000000000000000e+00 1.000000000000000000e+00
9.090909090909091161e-02 2.909090909090908950e-01 4.000000000000000222e-01 9.090909090909091161e-02 7.272727272727272374e-02 1.000000000000000000e+00 1.000000000000000000e+00 1.000000000000000000e+00 1.000000000000000000e+00 1.000000000000000000e+00
2.363636363636363591e-01 2.909090909090908950e-01 1.636363636363636354e-01 2.545454545454545192e-01 1.000000000000000000e+00 1.000000000000000000e+00 1.000000000000000000e+00 1.000000000000000000e+00 1.000000000000000000e+00 1.000000000000000000e+00
2.000000000000000111e-01 0.000000000000000000e+00 4.181818181818181546e-01 1.000000000000000000e+00 1.000000000000000000e+00 1.000000000000000000e+00 1.000000000000000000e+00 1.000000000000000000e+00 1.000000000000000000e+00 1.000000000000000000e+00
9.090909090909091161e-02 5.454545454545454281e-02 1.000000000000000000e+00 1.000000000000000000e+00 1.000000000000000000e+00 1.000000000000000000e+00 1.000000000000000000e+00 1.000000000000000000e+00 1.000000000000000000e+00 1.000000000000000000e+00
1.454545454545454475e-01 1.000000000000000000e+00 1.000000000000000000e+00 1.000000000000000000e+00 1.000000000000000000e+00 1.000000000000000000e+00 1.000000000000000000e+00 1.000000000000000000e+00 1.000000000000000000e+00 1.000000000000000000e+00
