3.636363636363636465e-01 2.727272727272727071e-01 1.428571428571428492e-01 1.948051948051948146e-01 5.064935064935064402e-01 2.727272727272727071e-01 4.675324675324675217e-01 4.155844155844156118e-01 4.805194805194805130e-01 2.987012987012986898e-01
4.025974025974026205e-01 2.337662337662337608e-01 0.000000000000000000e+00 2.727272727272727071e-01 5.714285714285713969e-01 7.792207792207792028e-02 1.428571428571428492e-01 7.012987012987013102e-01 6.363636363636363535e-01 1.000000000000000000e+00
4.415584415584415390e-01 1.818181818181818232e-01 1.038961038961039030e-01 1.298701298701298579e-01 2.727272727272727071e-01 2.077922077922078059e-01 1.000000000000000000e+00 5.714285714285713969e-01 1.000000000000000000e+00 1.000000000000000000e+00
1.168831168831168804e-01 5.974025974025973795e-01 3.246753246753246724e-01 1.298701298701298579e-01 8.051948051948052409e-01 2.077922077922078059e-01 1.688311688311688319e-01 1.000000000000000000e+00 1.000000000000000000e+00 1.000000000000000000e+00
2.337662337662337608e-01 2.207792207792207695e-01 4.285714285714285476e-01 2.987012987012986898e-01 3.116883116883116811e-01 3.246753246753246724e-01 1.000000000000000000e+00 1.000000000000000000e+00 1.000000000000000000e+00 1.000000000000000000e+00
1.688311688311688319e-01 6.363636363636363535e-01 3.636363636363636465e-01 1.688311688311688319e-01 8.181818181818182323e-01 1.000000000000000000e+00 1.000000000000000000e+00 1.000000000000000000e+00 1.000000000000000000e+00 1.000000000000000000e+00
6.363636363636363535e-01 2.987012987012986898e-01 2.597402597402597574e-02 1.948051948051948146e-01 1.000000000000000000e+00 1.000000000000000000e+00 1.000000000000000000e+00 1.000000000000000000e+00 1.000000000000000000e+00 1.000000000000000000e+00
2.987012987012986898e-01 4.025974025974026205e-01 2.987012987012986898e-01 1.000000000000000000e+00 1.000000000000000000e+00 1.000000000000000000e+00 1.000000000000000000e+00 1.000000000000000000e+00 1.000000000000000000e+00 1.000000000000000000e+00
3.896103896103896291e-01 1.428571428571428492e-01 1.000000000000000000e+00 1.000000000000000000e+00 1.000000000000000000e+00 1.000000000000000000e+00 1.000000000000000000e+00 1.000000000000000000e+00 1.000000000000000000e+00 1.000000000000000000e+00
3.116883116883116811e-01 1.000000000000000000e+00 1.000000000000000000e+00 1.000000000000000000e+00 1.000000000000000000e+00 1.000000000000000000e+00 1.000000000000000000e+00 1.000000000000000000e+00 1.000000000000000000e+00 1.000000000000000000e+00
