5.000000000000000000e-01 3.499999999999999778e-01 7.750000000000000222e-01 3.250000000000000111e-01 7.500000000000000000e-01 1.375000000000000111e-01 2.124999999999999944e-01 2.124999999999999944e-01 3.250000000000000111e-01 4.500000000000000111e-01
2.999999999999999889e-01 2.000000000000000111e-01 4.249999999999999889e-01 6.500000000000000222e-01 5.374999999999999778e-01 2.374999999999999889e-01 3.499999999999999778e-01 4.500000000000000111e-01 3.250000000000000111e-01 1.000000000000000000e+00
3.624999999999999889e-01 4.625000000000000222e-01 2.124999999999999944e-01 3.375000000000000222e-01 3.750000000000000000e-01 3.750000000000000000e-01 2.750000000000000222e-01 5.374999999999999778e-01 1.000000000000000000e+00 1.000000000000000000e+00
2.750000000000000222e-01 6.500000000000000222e-01 3.875000000000000111e-01 3.499999999999999778e-01 3.250000000000000111e-01 2.625000000000000111e-01 4.749999999999999778e-01 1.000000000000000000e+00 1.000000000000000000e+00 1.000000000000000000e+00
2.750000000000000222e-01 2.750000000000000222e-01 3.624999999999999889e-01 1.625000000000000056e-01 1.875000000000000000e-01 2.374999999999999889e-01 1.000000000000000000e+00 1.000000000000000000e+00 1.000000000000000000e+00 1.000000000000000000e+00
4.249999999999999889e-01 0.000000000000000000e+00 6.250000000000000000e-01 1.625000000000000056e-01 2.999999999999999889e-01 1.000000000000000000e+00 1.000000000000000000e+00 1.000000000000000000e+00 1.000000000000000000e+00 1.000000000000000000e+00
4.375000000000000000e-01 3.875000000000000111e-01 4.749999999999999778e-01 3.875000000000000111e-01 1.000000000000000000e+00 1.000000000000000000e+00 1.000000000000000000e+00 1.000000000000000000e+00 1.000000000000000000e+00 1.000000000000000000e+00
6.374999999999999556e-01 2.750000000000000222e-01 1.000000000000000000e+00 1.000000000000000000e+00 1.000000000000000000e+00 1.000000000000000000e+00 1.000000000000000000e+00 1.000000000000000000e+00 1.000000000000000000e+00 1.000000000000000000e+00
5.749999999999999556e-01 2.500000000000000000e-01 1.000000000000000000e+00 1.000000000000000000e+00 1.000000000000000000e+00 1.000000000000000000e+00 1.000000000000000000e+00 1.000000000000000000e+00 1.000000000000000000e+00 1.000000000000000000e+00
3.750000000000000000e-01 1.000000000000000000e+00 1.000000000000000000e+00 1.000000000000000000e+00 1.000000000000000000e+00 1.000000000000000000e+00 1.000000000000000000e+00 1.000000000000000000e+00 1.000000000000000000e+00 1.000000000000000000e+00
