2.941176470588235253e-02 5.882352941176470507e-02 5.294117647058823595e-01 4.705882352941176405e-01 5.147058823529411242e-01 4.264705882352941013e-01 5.588235294117647189e-01 5.441176470588234837e-01 3.676470588235294379e-01 6.176470588235294379e-01
1.470588235294117627e-02 5.882352941176470507e-02 1.764705882352941291e-01 4.558823529411764608e-01 4.852941176470588203e-01 6.764705882352941568e-01 3.970588235294117418e-01 4.852941176470588203e-01 1.000000000000000000e+00 1.000000000000000000e+00
0.000000000000000000e+00 2.058823529411764608e-01 2.941176470588235392e-01 3.676470588235294379e-01 3.676470588235294379e-01 5.000000000000000000e-01 6.764705882352941568e-01 6.029411764705882026e-01 1.000000000000000000e+00 1.000000000000000000e+00
2.941176470588235253e-02 7.352941176470588480e-02 2.205882352941176405e-01 5.294117647058823595e-01 4.705882352941176405e-01 5.588235294117647189e-01 3.676470588235294379e-01 1.000000000000000000e+00 1.000000000000000000e+00 1.000000000000000000e+00
2.941176470588235253e-02 7.352941176470588480e-02 1.911764705882352811e-01 7.647058823529411242e-01 4.411764705882352811e-01 5.441176470588234837e-01 1.000000000000000000e+00 1.000000000000000000e+00 1.000000000000000000e+00 1.000000000000000000e+00
2.794117647058823595e-01 1.764705882352941291e-01 5.735294117647058432e-01 5.147058823529411242e-01 6.470588235294117974e-01 1.000000000000000000e+00 1.000000000000000000e+00 1.000000000000000000e+00 1.000000000000000000e+00 1.000000000000000000e+00
2.205882352941176405e-01 5.882352941176470507e-02 3.529411764705882582e-01 5.588235294117647189e-01 1.000000000000000000e+00 1.000000000000000000e+00 1.000000000000000000e+00 1.000000000000000000e+00 1.000000000000000000e+00 1.000000000000000000e+00
2.205882352941176405e-01 1.617647058823529493e-01 7.205882352941176405e-01 1.000000000000000000e+00 1.000000000000000000e+00 1.000000000000000000e+00 1.000000000000000000e+00 1.000000000000000000e+00 1.000000000000000000e+00 1.000000000000000000e+00
7.058823529411765163e-01 4.852941176470588203e-01 1.000000000000000000e+00 1.000000000000000000e+00 1.000000000000000000e+00 1.000000000000000000e+00 1.000000000000000000e+00 1.000000000000000000e+00 1.000000000000000000e+00 1.000000000000000000e+00
3.088235294117647189e-01 1.000000000000000000e+00 1.000000000000000000e+00 1.000000000000000000e+00 1.000000000000000000e+00 1.000000000000000000e+00 1.000000000000000000e+00 1.000000000000000000e+00 1.000000000000000000e+00 1.000000000000000000e+00
