2.014134275618374437e-01 2.084805653710247453e-01 2.650176678445229639e-01 4.416961130742049213e-01 4.346289752650176474e-01 5.053003533568904970e-01 7.173144876325088237e-01 3.215547703180212102e-01 4.063604240282685520e-01 4.487632508833922507e-01
3.922261484098940043e-01 7.667844522968197962e-01 2.014134275618374437e-01 4.275618374558303736e-01 5.477031802120141402e-01 9.293286219081272614e-01 9.151943462897526027e-01 6.961130742049469466e-01 7.597173144876324669e-01 1.000000000000000000e+00
8.657243816254417412e-01 3.639575971731448534e-01 1.519434628975264989e-01 3.568904593639575795e-01 6.678445229681978512e-01 1.000000000000000000e+00 7.879858657243816733e-01 4.840989399293286199e-01 1.000000000000000000e+00 1.000000000000000000e+00
3.356890459363957580e-01 2.155477031802120191e-01 1.943462897526501698e-01 4.628975265017667984e-01 2.014134275618374437e-01 5.689045936395760172e-01 4.840989399293286199e-01 1.000000000000000000e+00 1.000000000000000000e+00 1.000000000000000000e+00
1.024734982332155542e-01 1.024734982332155542e-01 5.618374558303886879e-01 4.770318021201413461e-01 4.558303886925795245e-01 7.173144876325088237e-01 1.000000000000000000e+00 1.000000000000000000e+00 1.000000000000000000e+00 1.000000000000000000e+00
1.519434628975264989e-01 3.356890459363957580e-01 2.155477031802120191e-01 4.558303886925795245e-01 4.487632508833922507e-01 1.000000000000000000e+00 1.000000000000000000e+00 1.000000000000000000e+00 1.000000000000000000e+00 1.000000000000000000e+00
3.498233215547703057e-01 4.275618374558303736e-01 3.144876325088339364e-01 1.378091872791519512e-01 1.000000000000000000e+00 1.000000000000000000e+00 1.000000000000000000e+00 1.000000000000000000e+00 1.000000000000000000e+00 1.000000000000000000e+00
3.639575971731448534e-01 6.890459363957597283e-01 5.194346289752650447e-01 1.000000000000000000e+00 1.000000000000000000e+00 1.000000000000000000e+00 1.000000000000000000e+00 1.000000000000000000e+00 1.000000000000000000e+00 1.000000000000000000e+00
3.003533568904593887e-01 2.720848056537102377e-01 1.000000000000000000e+00 1.000000000000000000e+00 1.000000000000000000e+00 1.000000000000000000e+00 1.000000000000000000e+00 1.000000000000000000e+00 1.000000000000000000e+00 1.000000000000000000e+00
5.335689045936395924e-01 1.000000000000000000e+00 1.000000000000000000e+00 1.000000000000000000e+00 1.000000000000000000e+00 1.000000000000000000e+00 1.000000000000000000e+00 1.000000000000000000e+00 1.000000000000000000e+00 1.000000000000000000e+00
