1.000000000000000056e-01 5.999999999999999778e-01 2.899999999999999800e-01 1.000000000000000000e+00 1.000000000000000056e-01 8.399999999999999689e-01 6.700000000000000400e-01 4.500000000000000111e-01 6.099999999999999867e-01 1.300000000000000044e-01
3.200000000000000067e-01 1.700000000000000122e-01 2.700000000000000178e-01 3.099999999999999978e-01 5.999999999999999778e-01 2.899999999999999800e-01 5.400000000000000355e-01 5.799999999999999600e-01 6.199999999999999956e-01 1.000000000000000000e+00
7.800000000000000266e-01 3.099999999999999978e-01 4.000000000000000222e-01 1.600000000000000033e-01 4.799999999999999822e-01 3.400000000000000244e-01 7.700000000000000178e-01 1.499999999999999944e-01 1.000000000000000000e+00 1.000000000000000000e+00
2.000000000000000042e-02 3.900000000000000133e-01 4.299999999999999933e-01 1.100000000000000006e-01 5.699999999999999512e-01 2.300000000000000100e-01 2.000000000000000111e-01 1.000000000000000000e+00 1.000000000000000000e+00 1.000000000000000000e+00
3.099999999999999978e-01 4.099999999999999756e-01 3.200000000000000067e-01 5.100000000000000089e-01 0.000000000000000000e+00 2.800000000000000266e-01 1.000000000000000000e+00 1.000000000000000000e+00 1.000000000000000000e+00 1.000000000000000000e+00
5.600000000000000533e-01 2.600000000000000089e-01 5.699999999999999512e-01 2.000000000000000042e-02 8.699999999999999956e-01 1.000000000000000000e+00 1.000000000000000000e+00 1.000000000000000000e+00 1.000000000000000000e+00 1.000000000000000000e+00
5.899999999999999689e-01 2.600000000000000089e-01 6.999999999999999556e-01 5.400000000000000355e-01 1.000000000000000000e+00 1.000000000000000000e+00 1.000000000000000000e+00 1.000000000000000000e+00 1.000000000000000000e+00 1.000000000000000000e+00
5.100000000000000089e-01 3.200000000000000067e-01 6.800000000000000488e-01 1.000000000000000000e+00 1.000000000000000000e+00 1.000000000000000000e+00 1.000000000000000000e+00 1.000000000000000000e+00 1.000000000000000000e+00 1.000000000000000000e+00
5.100000000000000089e-01 5.899999999999999689e-01 1.000000000000000000e+00 1.000000000000000000e+00 1.000000000000000000e+00 1.000000000000000000e+00 1.000000000000000000e+00 1.000000000000000000e+00 1.000000000000000000e+00 1.000000000000000000e+00
4.099999999999999756e-01 1.000000000000000000e+00 1.000000000000000000e+00 1.000000000000000000e+00 1.000000000000000000e+00 1.000000000000000000e+00 1.000000000000000000e+00 1.000000000000000000e+00 1.000000000000000000e+00 1.000000000000000000e+00
