2.680851063829787218e-01 2.680851063829787218e-01 2.085106382978723361e-01 5.531914893617020934e-02 3.829787234042553168e-02 3.106382978723404298e-01 8.936170212765957854e-02 1.234042553191489339e-01 4.382978723404255539e-01 6.510638297872340940e-01
1.404255319148936254e-01 3.829787234042553168e-02 3.361702127659574324e-01 4.212765957446808485e-01 1.489361702127659504e-01 1.000000000000000000e+00 4.978723404255319118e-01 2.085106382978723361e-01 1.829787234042553057e-01 1.000000000000000000e+00
7.234042553191488700e-02 1.574468085106383031e-01 2.340425531914893664e-01 2.595744680851063690e-01 1.404255319148936254e-01 9.234042553191489366e-01 2.978723404255319285e-02 5.404255319148936199e-01 1.000000000000000000e+00 1.000000000000000000e+00
1.659574468085106280e-01 2.255319148936170137e-01 1.063829787234042562e-01 4.297872340425532012e-01 1.914893617021276584e-01 4.808510638297872064e-01 4.638297872340425565e-01 1.000000000000000000e+00 1.000000000000000000e+00 1.000000000000000000e+00
9.787234042553191737e-02 3.957446808510638459e-01 8.936170212765957854e-02 2.851063829787234272e-01 2.170212765957446888e-01 1.276595744680850998e-02 1.000000000000000000e+00 1.000000000000000000e+00 1.000000000000000000e+00 1.000000000000000000e+00
1.063829787234042562e-01 5.234042553191489144e-01 1.404255319148936254e-01 8.085106382978723971e-02 8.936170212765957854e-02 1.000000000000000000e+00 1.000000000000000000e+00 1.000000000000000000e+00 1.000000000000000000e+00 1.000000000000000000e+00
1.829787234042553057e-01 1.829787234042553057e-01 1.148936170212765950e-01 2.000000000000000111e-01 1.000000000000000000e+00 1.000000000000000000e+00 1.000000000000000000e+00 1.000000000000000000e+00 1.000000000000000000e+00 1.000000000000000000e+00
1.914893617021276584e-01 3.276595744680850797e-01 3.531914893617021378e-01 1.000000000000000000e+00 1.000000000000000000e+00 1.000000000000000000e+00 1.000000000000000000e+00 1.000000000000000000e+00 1.000000000000000000e+00 1.000000000000000000e+00
4.255319148936170283e-03 1.574468085106383031e-01 1.000000000000000000e+00 1.000000000000000000e+00 1.000000000000000000e+00 1.000000000000000000e+00 1.000000000000000000e+00 1.000000000000000000e+00 1.000000000000000000e+00 1.000000000000000000e+00
1.404255319148936254e-01 1.000000000000000000e+00 1.000000000000000000e+00 1.000000000000000000e+00 1.000000000000000000e+00 1.000000000000000000e+00 1.000000000000000000e+00 1.000000000000000000e+00 1.000000000000000000e+00 1.000000000000000000e+00
