0.000000000000000000e+00 0.000000000000000000e+00 0.000000000000000000e+00 2.631578947368420907e-02 2.631578947368420907e-02 2.631578947368420907e-02 2.631578947368420907e-02 1.052631578947368363e-01 2.631578947368420907e-02 1.000000000000000000e+00
0.000000000000000000e+00 0.000000000000000000e+00 0.000000000000000000e+00 2.631578947368420907e-02 2.631578947368420907e-02 2.631578947368420907e-02 2.631578947368420907e-02 2.631578947368420907e-02 2.631578947368420907e-02 1.000000000000000000e+00
0.000000000000000000e+00 0.000000000000000000e+00 0.000000000000000000e+00 2.631578947368420907e-02 2.631578947368420907e-02 2.631578947368420907e-02 2.631578947368420907e-02 2.631578947368420907e-02 1.000000000000000000e+00 1.000000000000000000e+00
0.000000000000000000e+00 0.000000000000000000e+00 0.000000000000000000e+00 2.631578947368420907e-02 2.631578947368420907e-02 2.631578947368420907e-02 2.631578947368420907e-02 1.000000000000000000e+00 1.000000000000000000e+00 1.000000000000000000e+00
0.000000000000000000e+00 0.000000000000000000e+00 0.000000000000000000e+00 2.631578947368420907e-02 2.631578947368420907e-02 2.631578947368420907e-02 1.000000000000000000e+00 1.000000000000000000e+00 1.000000000000000000e+00 1.000000000000000000e+00
0.000000000000000000e+00 0.000000000000000000e+00 0.000000000000000000e+00 2.631578947368420907e-02 2.631578947368420907e-02 1.000000000000000000e+00 1.000000000000000000e+00 1.000000000000000000e+00 1.000000000000000000e+00 1.000000000000000000e+00
5.263157894736841813e-02 0.000000000000000000e+00 4.210526315789473450e-01 5.263157894736841813e-02 1.000000000000000000e+00 1.000000000000000000e+00 1.000000000000000000e+00 1.000000000000000000e+00 1.000000000000000000e+00 1.000000000000000000e+00
5.263157894736841813e-02 0.000000000000000000e+00 1.315789473684210453e-01 1.000000000000000000e+00 1.000000000000000000e+00 1.000000000000000000e+00 1.000000000000000000e+00 1.000000000000000000e+00 1.000000000000000000e+00 1.000000000000000000e+00
1.578947368421052544e-01 0.000000000000000000e+00 1.000000000000000000e+00 1.000000000000000000e+00 1.000000000000000000e+00 1.000000000000000000e+00 1.000000000000000000e+00 1.000000000000000000e+00 1.000000000000000000e+00 1.000000000000000000e+00
3.947368421052631637e-01 1.000000000000000000e+00 1.000000000000000000e+00 1.000000000000000000e+00 1.000000000000000000e+00 1.000000000000000000e+00 1.000000000000000000e+00 1.000000000000000000e+00 1.000000000000000000e+00 1.000000000000000000e+00
