1.129032258064516098e-01 5.564516129032257563e-01 3.306451612903225645e-01 6.129032258064516236e-01 1.000000000000000000e+00 4.032258064516128782e-01 2.258064516129032195e-01 7.258064516129032473e-01 7.903225806451612545e-01 3.870967741935483764e-01
4.032258064516128920e-02 3.548387096774193727e-01 4.112903225806451846e-01 2.822580645161290591e-01 3.548387096774193727e-01 7.419354838709677491e-01 7.661290322580645018e-01 8.548387096774193727e-01 5.645161290322581182e-01 1.000000000000000000e+00
0.000000000000000000e+00 3.225806451612903136e-01 2.338709677419354704e-01 3.870967741935483764e-01 3.548387096774193727e-01 6.854838709677418818e-01 9.435483870967742437e-01 6.209677419354838745e-01 1.000000000000000000e+00 1.000000000000000000e+00
1.370967741935483764e-01 3.709677419354838745e-01 2.500000000000000000e-01 2.580645161290322509e-01 6.774193548387096309e-01 9.274193548387096309e-01 5.725806451612903691e-01 1.000000000000000000e+00 1.000000000000000000e+00 1.000000000000000000e+00
1.290322580645161255e-01 4.919354838709677491e-01 1.854838709677419373e-01 3.387096774193548154e-01 7.258064516129032473e-01 8.548387096774193727e-01 1.000000000000000000e+00 1.000000000000000000e+00 1.000000000000000000e+00 1.000000000000000000e+00
1.048387096774193589e-01 2.580645161290322509e-01 6.129032258064516236e-01 3.145161290322580627e-01 6.290322580645161255e-01 1.000000000000000000e+00 1.000000000000000000e+00 1.000000000000000000e+00 1.000000000000000000e+00 1.000000000000000000e+00
7.258064516129032751e-02 2.258064516129032195e-01 3.467741935483871218e-01 3.387096774193548154e-01 1.000000000000000000e+00 1.000000000000000000e+00 1.000000000000000000e+00 1.000000000000000000e+00 1.000000000000000000e+00 1.000000000000000000e+00
3.629032258064516236e-01 3.870967741935483764e-01 4.274193548387096864e-01 1.000000000000000000e+00 1.000000000000000000e+00 1.000000000000000000e+00 1.000000000000000000e+00 1.000000000000000000e+00 1.000000000000000000e+00 1.000000000000000000e+00
1.129032258064516098e-01 2.177419354838709686e-01 1.000000000000000000e+00 1.000000000000000000e+00 1.000000000000000000e+00 1.000000000000000000e+00 1.000000000000000000e+00 1.000000000000000000e+00 1.000000000000000000e+00 1.000000000000000000e+00
7.822580645161290036e-01 1.000000000000000000e+00 1.000000000000000000e+00 1.000000000000000000e+00 1.000000000000000000e+00 1.000000000000000000e+00 1.000000000000000000e+00 1.000000000000000000e+00 1.000000000000000000e+00 1.000000000000000000e+00
