8.080808080808081495e-02 2.323232323232323204e-01 2.525252525252525415e-01 5.555555555555555802e-01 3.434343434343434254e-01 2.525252525252525415e-01 3.838383838383838120e-01 7.474747474747475140e-01 1.313131313131313260e-01 4.444444444444444198e-01
1.111111111111111049e-01 4.747474747474747514e-01 1.616161616161616299e-01 1.212121212121212155e-01 4.444444444444444198e-01 2.929292929292929282e-01 5.959595959595959114e-01 2.525252525252525415e-01 3.737373737373737570e-01 1.000000000000000000e+00
1.818181818181818232e-01 1.313131313131313260e-01 1.000000000000000000e+00 2.727272727272727071e-01 1.616161616161616299e-01 5.252525252525253041e-01 6.666666666666666297e-01 2.828282828282828176e-01 1.000000000000000000e+00 1.000000000000000000e+00
3.232323232323232598e-01 4.141414141414141437e-01 1.414141414141414088e-01 1.717171717171717127e-01 1.111111111111111049e-01 4.343434343434343647e-01 4.040404040404040331e-01 1.000000000000000000e+00 1.000000000000000000e+00 1.000000000000000000e+00
1.111111111111111049e-01 2.929292929292929282e-01 2.626262626262626521e-01 1.616161616161616299e-01 4.040404040404040331e-01 1.616161616161616299e-01 1.000000000000000000e+00 1.000000000000000000e+00 1.000000000000000000e+00 1.000000000000000000e+00
7.070707070707070441e-02 6.262626262626262985e-01 2.121212121212121271e-01 6.868686868686868507e-01 4.444444444444444198e-01 1.000000000000000000e+00 1.000000000000000000e+00 1.000000000000000000e+00 1.000000000000000000e+00 1.000000000000000000e+00
0.000000000000000000e+00 2.525252525252525415e-01 3.939393939393939226e-01 7.272727272727272929e-01 1.000000000000000000e+00 1.000000000000000000e+00 1.000000000000000000e+00 1.000000000000000000e+00 1.000000000000000000e+00 1.000000000000000000e+00
2.424242424242424310e-01 5.454545454545454142e-01 1.717171717171717127e-01 1.000000000000000000e+00 1.000000000000000000e+00 1.000000000000000000e+00 1.000000000000000000e+00 1.000000000000000000e+00 1.000000000000000000e+00 1.000000000000000000e+00
2.222222222222222099e-01 5.454545454545454142e-01 1.000000000000000000e+00 1.000000000000000000e+00 1.000000000000000000e+00 1.000000000000000000e+00 1.000000000000000000e+00 1.000000000000000000e+00 1.000000000000000000e+00 1.000000000000000000e+00
5.353535353535353591e-01 1.000000000000000000e+00 1.000000000000000000e+00 1.000000000000000000e+00 1.000000000000000000e+00 1.000000000000000000e+00 1.000000000000000000e+00 1.000000000000000000e+00 1.000000000000000000e+00 1.000000000000000000e+00
