2.966101694915254106e-01 6.779661016949152519e-02 2.881355932203389925e-01 2.881355932203389925e-01 2.796610169491525189e-01 6.779661016949152519e-02 5.254237288135593653e-01 4.152542372881355970e-01 1.525423728813559421e-01 1.949152542372881436e-01
1.000000000000000000e+00 2.542372881355932368e-02 3.389830508474576259e-02 5.084745762711864736e-02 3.220338983050847204e-01 4.915254237288135819e-01 7.627118644067797104e-02 6.779661016949152519e-02 3.389830508474576121e-01 1.000000000000000000e+00
4.152542372881355970e-01 1.779661016949152519e-01 3.644067796610169219e-01 1.271186440677966045e-01 8.474576271186440302e-02 8.474576271186440302e-02 5.084745762711864736e-02 2.796610169491525189e-01 1.000000000000000000e+00 1.000000000000000000e+00
4.237288135593220151e-01 6.779661016949152519e-02 1.525423728813559421e-01 3.559322033898305038e-01 1.440677966101694962e-01 1.779661016949152519e-01 1.949152542372881436e-01 1.000000000000000000e+00 1.000000000000000000e+00 1.000000000000000000e+00
9.322033898305084887e-02 1.610169491525423602e-01 0.000000000000000000e+00 1.525423728813559421e-01 3.898305084745762872e-01 3.644067796610169219e-01 1.000000000000000000e+00 1.000000000000000000e+00 1.000000000000000000e+00 1.000000000000000000e+00
1.271186440677966045e-01 1.440677966101694962e-01 2.966101694915254106e-01 2.033898305084745894e-01 3.983050847457627053e-01 1.000000000000000000e+00 1.000000000000000000e+00 1.000000000000000000e+00 1.000000000000000000e+00 1.000000000000000000e+00
5.423728813559322015e-01 1.186440677966101725e-01 1.949152542372881436e-01 1.101694915254237267e-01 1.000000000000000000e+00 1.000000000000000000e+00 1.000000000000000000e+00 1.000000000000000000e+00 1.000000000000000000e+00 1.000000000000000000e+00
4.237288135593220151e-02 3.813559322033898136e-01 1.355932203389830504e-01 1.000000000000000000e+00 1.000000000000000000e+00 1.000000000000000000e+00 1.000000000000000000e+00 1.000000000000000000e+00 1.000000000000000000e+00 1.000000000000000000e+00
3.813559322033898136e-01 2.881355932203389925e-01 1.000000000000000000e+00 1.000000000000000000e+00 1.000000000000000000e+00 1.000000000000000000e+00 1.000000000000000000e+00 1.000000000000000000e+00 1.000000000000000000e+00 1.000000000000000000e+00
2.627118644067796827e-01 1.000000000000000000e+00 1.000000000000000000e+00 1.000000000000000000e+00 1.000000000000000000e+00 1.000000000000000000e+00 1.000000000000000000e+00 1.000000000000000000e+00 1.000000000000000000e+00 1.000000000000000000e+00
