3.738317757009345654e-01 1.962616822429906482e-01 2.897196261682242757e-01 3.925233644859812965e-01 1.308411214953270896e-01 1.682242990654205517e-01 4.205607476635513930e-01 2.429906542056074759e-01 1.308411214953270896e-01 5.046728971962616273e-01
3.271028037383177378e-01 2.990654205607476412e-01 2.523364485981308136e-01 2.056074766355140138e-01 4.672897196261682068e-02 5.140186915887849928e-01 8.224299065420560551e-01 7.476635514018691031e-02 2.149532710280373793e-01 1.000000000000000000e+00
2.523364485981308136e-01 4.672897196261682207e-01 6.448598130841121101e-01 2.336448598130841103e-01 5.420560747663550893e-01 2.336448598130841103e-01 3.925233644859812965e-01 2.710280373831775447e-01 1.000000000000000000e+00 1.000000000000000000e+00
1.121495327102803724e-01 8.504672897196261516e-01 1.682242990654205517e-01 5.700934579439251859e-01 3.551401869158878344e-01 3.177570093457943723e-01 1.028037383177570069e-01 1.000000000000000000e+00 1.000000000000000000e+00 1.000000000000000000e+00
5.140186915887849928e-01 1.495327102803738206e-01 3.457943925233644689e-01 2.056074766355140138e-01 4.205607476635513930e-01 3.084112149532710068e-01 1.000000000000000000e+00 1.000000000000000000e+00 1.000000000000000000e+00 1.000000000000000000e+00
1.869158878504672827e-01 2.149532710280373793e-01 5.887850467289719170e-01 3.644859813084111999e-01 1.000000000000000000e+00 1.000000000000000000e+00 1.000000000000000000e+00 1.000000000000000000e+00 1.000000000000000000e+00 1.000000000000000000e+00
2.616822429906541791e-01 7.196261682242990343e-01 1.588785046728971861e-01 4.953271028037383172e-01 1.000000000000000000e+00 1.000000000000000000e+00 1.000000000000000000e+00 1.000000000000000000e+00 1.000000000000000000e+00 1.000000000000000000e+00
5.700934579439251859e-01 5.420560747663550893e-01 0.000000000000000000e+00 1.000000000000000000e+00 1.000000000000000000e+00 1.000000000000000000e+00 1.000000000000000000e+00 1.000000000000000000e+00 1.000000000000000000e+00 1.000000000000000000e+00
6.074766355140186480e-01 7.476635514018691309e-01 1.000000000000000000e+00 1.000000000000000000e+00 1.000000000000000000e+00 1.000000000000000000e+00 1.000000000000000000e+00 1.000000000000000000e+00 1.000000000000000000e+00 1.000000000000000000e+00
2.523364485981308136e-01 1.000000000000000000e+00 1.000000000000000000e+00 1.000000000000000000e+00 1.000000000000000000e+00 1.000000000000000000e+00 1.000000000000000000e+00 1.000000000000000000e+00 1.000000000000000000e+00 1.000000000000000000e+00
