2.258064516129032195e-01 7.834101382488478649e-02 2.903225806451613100e-01 6.682027649769585187e-01 6.912442396313364656e-02 1.244239631336405555e-01 1.705069124423963245e-01 8.801843317972349867e-01 1.152073732718894017e-01 5.115207373271889457e-01
2.350230414746543872e-01 4.009216589861751001e-01 1.059907834101382479e-01 7.695852534562211966e-01 1.244239631336405555e-01 3.087557603686635899e-01 7.834101382488478649e-02 7.603686635944700845e-01 1.000000000000000000e+00 1.000000000000000000e+00
1.336405529953917093e-01 2.442396313364055271e-01 9.677419354838709409e-02 1.152073732718894017e-01 3.917050691244239879e-01 4.193548387096774355e-01 1.705069124423963245e-01 4.377880184331797153e-01 1.000000000000000000e+00 1.000000000000000000e+00
1.797235023041474644e-01 1.520737327188940169e-01 3.271889400921659252e-01 1.520737327188940169e-01 1.244239631336405555e-01 1.889400921658986043e-01 1.336405529953917093e-01 1.000000000000000000e+00 1.000000000000000000e+00 1.000000000000000000e+00
3.548387096774193727e-01 2.995391705069124222e-01 3.087557603686635899e-01 5.483870967741935054e-01 1.336405529953917093e-01 5.115207373271889457e-01 1.000000000000000000e+00 1.000000000000000000e+00 1.000000000000000000e+00 1.000000000000000000e+00
3.179723502304147575e-01 1.981566820276497720e-01 1.336405529953917093e-01 3.824884792626728203e-01 5.207373271889400579e-01 1.000000000000000000e+00 1.000000000000000000e+00 1.000000000000000000e+00 1.000000000000000000e+00 1.000000000000000000e+00
2.811059907834101423e-01 5.207373271889400579e-01 1.428571428571428492e-01 1.428571428571428492e-01 1.000000000000000000e+00 1.000000000000000000e+00 1.000000000000000000e+00 1.000000000000000000e+00 1.000000000000000000e+00 1.000000000000000000e+00
3.271889400921659252e-01 5.391705069124423932e-01 1.612903225806451568e-01 1.000000000000000000e+00 1.000000000000000000e+00 1.000000000000000000e+00 1.000000000000000000e+00 1.000000000000000000e+00 1.000000000000000000e+00 1.000000000000000000e+00
3.364055299539170374e-01 2.903225806451613100e-01 1.000000000000000000e+00 1.000000000000000000e+00 1.000000000000000000e+00 1.000000000000000000e+00 1.000000000000000000e+00 1.000000000000000000e+00 1.000000000000000000e+00 1.000000000000000000e+00
3.087557603686635899e-01 1.000000000000000000e+00 1.000000000000000000e+00 1.000000000000000000e+00 1.000000000000000000e+00 1.000000000000000000e+00 1.000000000000000000e+00 1.000000000000000000e+00 1.000000000000000000e+00 1.000000000000000000e+00
