
Run 1
100	5.4	7	135.6	255	17.6	66
150	3.5	7	13.6	39	3.4	16
200	2.1	6	7.6	19	9.6	62
250	3.7	5	12.4	17	23.7	62
300	4.6	5	15.4	17	32.6	62
350	5.1	7	18.0	31	43.3	62
400	5.0	7	17.8	31	46.9	62
450	5.1	7	18.4	31	53.1	63
500	5.1	7	18.6	31	56.3	86
550	5.0	7	17.8	25	61.4	86
600	5.0	7	18.0	25	63.8	86
650	4.9	7	17.4	25	64.0	86
700	4.7	7	16.8	25	61.1	86
750	4.7	7	16.8	25	61.1	86
800	4.7	7	16.8	25	61.1	86
850	4.6	7	16.4	25	62.0	86
900	4.7	7	16.4	25	60.1	86
950	4.7	7	16.4	25	60.1	86
1000	4.4	6	15.4	19	59.0	86
1050	4.4	6	15.4	19	59.0	86
1100	4.4	6	15.4	19	59.0	86
1150	4.4	6	15.4	19	59.0	86
1200	4.4	6	15.2	19	59.3	86
1250	4.4	6	15.2	19	59.3	86
1300	4.4	6	15.2	19	59.3	86
1350	4.4	6	15.2	19	59.3	86
1400	4.4	6	15.2	19	59.3	86
1450	4.4	6	15.2	19	59.3	86
1500	4.4	6	15.2	19	59.3	86
1550	4.4	6	15.2	19	59.3	86
1600	4.4	6	15.4	19	62.5	86
1650	4.4	6	15.4	19	62.5	86
1700	4.4	6	15.4	19	62.5	86
1750	4.4	6	15.4	19	62.5	86
1800	4.4	6	15.4	19	62.5	86
1850	4.4	6	15.4	19	62.5	86
1900	4.4	6	15.4	19	62.5	86
1950	4.4	6	15.4	19	62.5	86
2000	4.4	6	15.4	19	62.5	86

Run 2
100	4.0	7	107.2	255	6.7	31
150	2.7	8	34.8	255	8.4	31
200	2.9	8	14.2	39	9.0	31
250	5.4	8	25.6	39	20.1	34
300	6.1	8	29.6	39	25.4	56
350	6.0	8	28.6	37	25.4	56
400	6.7	8	30.4	37	29.5	56
450	6.6	8	28.4	37	30.7	56
500	6.6	8	27.8	37	31.4	56
550	6.6	8	28.6	37	31.3	56
600	6.6	8	29.2	37	29.4	56
650	6.6	8	28.0	37	30.2	56
700	6.6	8	27.8	37	28.2	56
750	6.8	9	30.4	45	25.8	56
800	6.9	9	30.8	47	32.0	56
850	7.5	9	34.4	47	37.1	62
900	7.6	9	35.2	47	35.3	62
950	7.7	9	35.6	47	32.5	62
1000	7.7	9	35.6	47	32.5	62
1050	7.8	9	36.2	47	30.6	62
1100	7.8	9	36.2	47	30.6	62
1150	7.9	9	36.8	47	32.2	62
1200	7.9	9	36.8	47	32.2	62
1250	7.8	8	35.6	37	29.0	62
1300	7.9	8	36.2	37	34.0	64
1350	7.9	8	36.2	37	34.0	64
1400	7.9	8	36.2	37	34.0	64
1450	7.9	8	36.2	37	34.0	64
1500	7.9	8	36.2	37	34.0	64
1550	7.9	8	35.8	37	35.2	64
1600	7.9	8	36.2	39	35.3	69
1650	7.9	8	35.2	39	44.5	69
1700	8.0	9	35.8	41	52.5	69
1750	8.0	9	36.2	41	52.8	69
1800	8.1	9	38.0	41	52.4	69
1850	8.1	9	38.4	41	59.9	102
1900	8.0	9	38.4	41	59.2	102
1950	8.0	9	38.4	41	59.2	102
2000	8.0	9	38.6	41	61.0	102

Run 3
100	4.5	7	154.0	255	14.5	53
150	3.0	7	78.6	255	16.9	53
200	1.5	3	6.4	15	13.9	58
250	2.2	3	10.0	15	35.4	86
300	3.1	4	15.0	17	44.4	86
350	4.0	9	18.2	33	49.7	86
400	3.7	6	17.6	29	51.6	86
450	4.5	6	21.4	29	60.2	99
500	5.6	8	25.0	31	64.5	99
550	5.7	6	26.0	29	75.1	99
600	6.0	6	27.0	29	85.7	139
650	6.0	6	27.0	29	87.1	139
700	6.0	6	26.4	29	84.0	139
750	6.1	7	26.6	29	86.3	139
800	6.1	7	26.0	29	86.8	139
850	6.1	7	25.8	29	85.0	139
900	6.2	7	25.8	29	89.2	139
950	6.2	7	25.8	29	89.2	139
1000	6.2	7	25.8	29	89.2	139
1050	6.2	7	25.8	29	89.2	139
1100	6.2	7	25.8	29	89.2	139
1150	6.2	7	26.0	29	89.7	139
1200	6.2	7	26.0	29	89.7	139
1250	6.2	7	26.0	29	89.7	139
1300	6.3	7	26.6	29	85.6	139
1350	6.3	7	26.6	29	85.6	139
1400	6.3	7	26.6	29	85.6	139
1450	6.3	7	26.6	29	85.6	139
1500	6.3	7	26.6	29	85.6	139
1550	6.4	7	27.6	31	88.6	139
1600	6.4	7	27.4	31	89.1	139
1650	6.4	7	27.4	31	89.1	139
1700	6.4	7	27.4	31	89.1	139
1750	6.4	7	27.4	31	89.1	139
1800	6.4	7	27.4	31	89.1	139
1850	6.4	7	27.4	31	89.1	139
1900	6.4	7	27.4	31	89.1	139
1950	6.3	7	27.0	31	87.5	139
2000	6.3	7	27.0	31	87.5	139

Run 4
100	4.1	7	129.2	255	12.6	26
150	3.0	7	78.6	255	17.3	61
200	1.3	3	3.6	7	7.8	26
250	2.7	9	7.4	29	13.9	31
300	3.7	9	9.4	29	17.1	31
350	3.3	9	8.6	29	22.1	50
400	3.6	9	9.8	29	22.4	50
450	3.9	9	10.4	29	22.8	50
500	3.9	9	10.4	29	23.7	69
550	3.9	9	10.4	29	23.7	69
600	3.9	9	10.4	29	23.7	69
650	4.0	9	10.6	29	23.7	69
700	3.7	9	9.4	29	25.5	69
750	3.7	9	9.4	29	25.5	69
800	3.7	9	9.4	29	25.5	69
850	3.7	9	9.4	29	25.4	69
900	2.9	3	6.8	7	26.1	69
950	3.0	4	7.2	11	33.0	69
1000	3.0	4	7.2	11	33.0	69
1050	3.1	4	7.4	11	34.9	69
1100	2.9	4	7.0	11	38.6	69
1150	2.8	4	6.8	11	34.9	69
1200	2.8	4	6.8	11	34.9	69
1250	2.8	4	6.8	11	34.9	69
1300	3.0	4	7.2	11	36.7	69
1350	3.0	4	7.4	11	39.6	69
1400	3.0	4	7.4	11	39.6	69
1450	3.0	4	7.4	11	39.6	69
1500	3.0	4	7.4	11	39.6	69
1550	2.5	4	6.4	11	40.6	69
1600	2.4	4	6.2	11	40.3	69
1650	2.4	4	6.2	11	37.1	69
1700	2.4	4	6.2	11	37.1	69
1750	2.4	4	6.2	11	37.1	69
1800	2.4	4	6.2	11	37.1	69
1850	2.4	4	6.2	11	39.3	69
1900	2.4	4	6.2	11	39.3	69
1950	2.4	4	6.2	11	38.6	69
2000	2.3	3	6.2	9	40.4	69

Run 5
100	2.7	7	78.6	255	11.3	46
150	1.6	3	5.0	11	10.1	46
200	2.5	3	6.8	11	19.7	46
250	3.5	6	10.2	21	26.0	46
300	3.8	6	12.2	21	32.2	46
350	3.8	6	11.8	21	35.1	61
400	4.3	9	13.2	29	38.3	61
450	4.6	9	13.6	29	44.1	61
500	4.1	9	11.4	29	41.1	61
550	3.3	5	8.0	11	39.4	61
600	3.3	5	8.0	11	39.4	61
650	3.3	5	8.0	11	41.2	61
700	3.4	5	8.4	11	38.2	61
750	3.4	5	8.4	11	42.7	70
800	3.4	5	8.4	11	42.7	70
850	3.4	5	8.4	11	42.7	70
900	3.4	5	8.4	11	38.4	61
950	3.4	5	8.4	11	42.6	80
1000	3.4	5	8.4	11	42.6	80
1050	3.5	5	8.8	11	43.9	80
1100	3.5	5	8.8	11	43.9	80
1150	3.5	5	8.8	11	43.9	80
1200	3.5	5	8.8	11	43.9	80
1250	3.5	5	8.8	11	43.9	80
1300	3.5	5	8.8	11	43.9	80
1350	3.5	5	8.8	11	43.9	80
1400	3.5	5	8.8	11	43.9	80
1450	3.5	5	8.8	11	43.9	80
1500	3.5	5	8.8	11	43.9	80
1550	3.5	5	8.8	11	43.9	80
1600	3.5	5	8.8	11	43.9	80
1650	3.5	5	8.8	11	43.9	80
1700	3.5	5	8.8	11	43.9	80
1750	3.5	5	8.8	11	43.9	80
1800	3.5	5	8.8	11	43.9	80
1850	3.5	5	8.8	11	43.9	80
1900	3.5	5	8.8	11	43.9	80
1950	3.5	5	8.8	11	43.9	80
2000	3.6	5	9.2	11	44.7	80

Run 6
100	5.9	7	138.4	255	7.5	30
150	4.9	8	65.0	255	6.0	30
200	2.5	7	6.4	17	1.1	7
250	0.9	2	2.8	5	4.4	38
300	1.1	2	3.2	5	7.1	38
350	1.3	2	3.6	5	8.4	38
400	1.5	2	4.2	7	11.3	38
450	1.7	3	5.0	7	23.2	62
500	2.0	3	5.8	9	35.7	65
550	2.3	3	6.4	9	39.6	65
600	2.5	3	6.8	9	36.6	65
650	2.6	3	7.2	9	35.4	65
700	2.6	3	7.0	9	42.2	97
750	2.6	3	7.2	9	41.2	97
800	2.6	3	7.2	9	41.2	97
850	2.7	3	8.0	11	39.7	97
900	2.9	4	8.6	11	50.1	97
950	3.0	4	9.0	13	52.9	97
1000	2.8	4	8.0	13	57.2	97
1050	2.9	4	8.0	13	60.4	97
1100	3.3	7	9.8	27	60.3	97
1150	3.1	7	9.0	27	60.8	97
1200	3.1	7	9.0	27	60.8	97
1250	2.4	4	6.4	11	64.0	97
1300	2.4	4	6.4	11	64.0	97
1350	2.4	4	6.4	11	64.0	97
1400	2.5	4	6.8	11	65.4	97
1450	2.4	4	6.2	9	57.1	97
1500	2.4	4	6.2	9	57.1	97
1550	2.2	3	5.8	9	61.6	97
1600	2.2	3	5.8	9	61.6	97
1650	2.2	3	5.8	9	61.6	97
1700	2.2	3	5.8	9	61.6	97
1750	2.3	3	6.2	9	63.9	97
1800	2.3	3	6.2	9	63.9	97
1850	2.3	3	6.2	9	63.9	97
1900	2.3	3	6.2	9	63.9	97
1950	2.3	3	6.2	9	63.9	97
2000	2.3	3	6.2	9	63.9	97

Run 7
100	5.3	7	155.6	255	18.4	61
150	4.0	7	57.0	255	13.4	44
200	3.0	7	7.2	15	8.1	22
250	3.6	7	8.8	15	14.8	27
300	4.1	5	11.2	19	34.2	74
350	4.1	6	11.4	23	40.9	86
400	4.5	7	12.2	23	45.8	86
450	4.7	7	12.6	23	53.6	86
500	4.7	7	12.6	23	53.6	86
550	4.9	7	13.0	23	53.9	89
600	4.8	7	12.4	23	57.9	89
650	4.8	7	12.4	23	57.9	89
700	4.7	7	12.2	23	57.2	89
750	4.6	7	11.8	23	53.9	89
800	4.6	7	11.8	23	53.9	89
850	4.6	7	11.8	23	53.9	89
900	4.8	7	12.4	23	63.7	127
950	4.8	7	12.4	23	63.7	127
1000	4.8	7	12.4	23	63.7	127
1050	4.8	7	12.4	23	63.7	127
1100	4.8	7	12.4	23	63.7	127
1150	4.8	7	12.4	23	63.7	127
1200	4.9	7	12.8	23	69.1	127
1250	4.9	7	12.8	23	69.1	127
1300	4.9	7	12.8	23	69.1	127
1350	4.9	7	12.8	23	69.1	127
1400	4.9	7	12.8	23	69.1	127
1450	4.9	7	12.8	23	69.1	127
1500	4.9	7	12.8	23	69.1	127
1550	4.8	7	12.4	23	65.8	127
1600	4.8	7	12.4	23	65.8	127
1650	4.8	7	12.4	23	65.8	127
1700	4.8	7	12.4	23	65.8	127
1750	4.8	7	12.4	23	65.8	127
1800	4.8	7	12.4	23	65.8	127
1850	4.8	7	12.4	23	65.8	127
1900	4.8	7	12.4	23	55.7	111
1950	4.8	7	12.4	23	55.7	111
2000	4.8	7	12.4	23	55.7	111

Run 8
100	3.5	7	128.0	255	16.2	65
150	1.7	8	52.6	257	7.0	53
200	0.0	0	1.0	1	0.0	0
250	0.0	0	1.0	1	0.0	0
300	0.5	5	2.2	13	0.4	4
350	1.9	9	8.0	47	3.4	15
400	4.7	9	19.6	47	12.1	58
450	6.3	9	23.4	47	14.1	58
500	6.3	9	23.2	47	17.5	58
550	5.5	9	19.0	47	17.7	58
600	5.2	9	16.6	47	19.1	58
650	5.2	9	17.2	47	23.9	58
700	5.6	9	18.4	47	24.9	58
750	5.6	9	18.4	47	25.3	58
800	5.5	9	18.6	47	31.1	58
850	5.1	9	14.8	29	27.6	47
900	5.7	9	16.2	29	26.5	47
950	5.5	7	15.2	21	26.9	47
1000	5.6	7	15.0	21	25.4	47
1050	5.8	7	15.8	21	28.0	47
1100	5.8	7	15.8	21	28.0	47
1150	5.5	7	14.8	21	25.0	44
1200	5.5	7	14.8	21	25.0	44
1250	5.9	9	18.4	49	28.2	72
1300	5.9	9	18.4	49	29.7	72
1350	5.9	9	18.4	49	29.7	72
1400	5.9	9	18.4	49	29.7	72
1450	5.9	9	18.4	49	29.7	72
1500	5.9	9	18.4	49	29.7	72
1550	5.8	9	18.2	49	33.7	72
1600	5.7	9	18.0	49	35.3	72
1650	5.1	9	16.2	49	41.5	72
1700	4.8	9	15.4	49	47.4	72
1750	4.7	9	15.2	49	47.2	72
1800	4.8	9	15.6	49	47.7	72
1850	5.0	9	16.2	49	60.1	110
1900	4.2	6	11.6	17	68.9	110
1950	4.2	6	11.6	17	68.9	110
2000	4.2	6	11.8	17	77.6	118

Run 9
100	5.0	7	179.0	255	7.0	41
150	2.5	7	77.8	255	7.2	41
200	0.5	2	2.2	7	0.8	7
250	0.0	0	1.0	1	1.5	8
300	0.9	9	4.0	31	3.9	12
350	0.9	9	4.0	31	4.1	12
400	0.0	0	1.0	1	2.4	12
450	0.0	0	1.0	1	2.0	12
500	0.0	0	1.0	1	2.0	12
550	0.0	0	1.0	1	2.0	12
600	0.9	9	3.0	21	6.0	40
650	0.9	9	3.0	21	6.0	40
700	1.8	9	5.0	21	6.7	40
750	1.8	9	5.0	21	6.7	40
800	1.8	9	5.0	21	6.7	40
850	2.7	9	7.0	21	7.4	40
900	4.5	9	11.0	21	9.3	40
950	6.2	9	15.0	23	13.8	40
1000	6.3	9	15.2	23	17.0	41
1050	6.9	9	17.0	23	18.5	41
1100	7.5	9	20.0	39	21.7	41
1150	7.5	9	21.8	39	30.1	79
1200	5.9	9	18.4	39	40.3	79
1250	5.2	6	13.8	19	34.0	79
1300	5.3	6	15.8	19	42.7	79
1350	6.2	8	19.2	29	53.9	79
1400	6.2	8	19.8	29	46.8	72
1450	6.0	7	19.2	29	47.5	72
1500	5.9	6	18.2	19	44.3	67
1550	5.9	6	18.2	19	44.3	67
1600	5.9	6	18.2	19	44.2	67
1650	6.2	9	18.8	25	51.2	75
1700	6.2	9	18.8	25	51.2	75
1750	6.2	9	18.8	25	51.9	75
1800	6.2	9	19.0	25	56.5	98
1850	6.2	9	19.0	25	56.5	98
1900	6.1	9	18.2	25	58.1	98
1950	6.1	9	18.2	25	58.1	98
2000	6.1	9	18.2	25	58.1	98

Run 10
100	3.9	7	81.6	255	8.3	34
150	1.4	7	4.8	23	8.3	36
200	2.2	9	11.4	75	9.9	36
250	3.3	9	14.0	75	18.4	36
300	3.4	9	14.2	75	19.9	36
350	2.8	5	7.4	13	18.8	35
400	2.8	5	7.6	15	19.8	35
450	3.1	5	8.4	15	24.3	42
500	3.2	5	9.0	15	29.7	48
550	3.6	7	11.2	27	37.6	68
600	4.4	7	13.6	27	36.5	68
650	4.4	7	13.6	27	36.5	68
700	4.4	7	13.6	27	36.5	68
750	4.4	7	13.8	27	33.6	68
800	4.4	7	13.8	27	33.6	68
850	4.4	7	13.8	27	33.6	68
900	4.3	7	13.2	27	33.5	68
950	4.3	7	13.2	27	33.5	68
1000	4.3	7	13.2	27	33.5	68
1050	4.3	7	13.2	27	33.5	68
1100	4.3	7	13.2	27	33.5	68
1150	4.3	7	13.2	27	33.5	68
1200	4.3	7	13.2	27	33.5	68
1250	4.3	7	13.2	27	33.5	68
1300	4.3	7	13.2	27	33.5	68
1350	4.3	7	13.2	27	33.5	68
1400	4.3	7	12.8	27	36.4	68
1450	4.3	7	12.8	27	36.4	68
1500	4.3	7	12.8	27	36.4	68
1550	4.3	7	12.8	27	36.4	68
1600	4.3	7	12.8	27	36.4	68
1650	4.3	7	12.8	27	36.4	68
1700	4.3	7	12.8	27	36.4	68
1750	4.3	7	12.8	27	36.4	68
1800	4.3	7	12.8	27	36.4	68
1850	4.3	7	12.8	27	36.4	68
1900	4.3	7	12.8	27	36.4	68
1950	4.3	7	12.8	27	36.4	68
2000	4.3	7	12.8	27	36.4	68
