
Run 1
100	3.88	7	106.32	255	14.22	74
150	1.72	8	10.58	255	8.8	66
200	1.96	8	6.9	31	13.68	109
250	3.76	9	11.56	35	27.57	109
300	4.6	9	13.88	37	38.67	124
350	4.86	9	14.54	37	45.69	124
400	4.77	9	14.28	37	50.27	124
450	4.84	9	14.32	37	53.45	124
500	4.69	9	13.7	37	56.35	124
550	4.65	9	13.5	37	59.98	124
600	4.79	9	14.02	35	63.06	124
650	4.89	9	14.14	35	65.79	124
700	4.84	9	14.0	35	67.68	124
750	5.0	9	14.22	35	68.8	124
800	5.02	9	14.1	35	69.27	124
850	5.09	9	14.36	35	71.77	124
900	5.08	9	14.36	35	73.47	124
950	5.2	9	14.76	35	74.69	124
1000	5.13	9	14.26	31	76.42	143
1050	5.16	9	14.2	31	77.72	143
1100	5.23	9	14.32	31	78.45	143
1150	5.19	9	14.3	33	80.23	143
1200	5.24	9	14.34	31	80.79	143
1250	5.32	9	14.5	29	80.56	143
1300	5.28	9	13.98	29	82.03	143
1350	5.36	9	14.22	29	82.54	143
1400	5.42	9	14.42	29	83.45	143
1450	5.51	9	14.5	29	85.31	143
1500	5.6	9	14.78	33	85.58	143
1550	5.66	9	14.74	33	86.25	143
1600	5.61	9	14.76	33	86.76	143
1650	5.64	9	14.84	33	88.11	143
1700	5.6	9	14.74	33	88.66	143
1750	5.58	9	14.6	33	89.29	143
1800	5.59	9	14.46	33	88.97	143
1850	5.6	9	14.48	33	89.44	143
1900	5.44	9	14.22	33	90.89	143
1950	5.52	9	14.52	35	91.38	143
2000	5.62	9	14.76	35	92.39	143

Run 2
100	4.77	7	134.96	255	15.54	64
150	2.95	9	29.86	255	9.43	64
200	1.86	7	7.64	55	8.0	58
250	2.61	9	10.26	55	15.54	69
300	3.83	9	14.08	55	25.84	78
350	4.26	9	14.74	55	32.02	78
400	4.37	9	14.44	43	38.19	116
450	4.59	9	15.58	45	42.81	116
500	4.81	9	16.12	45	46.4	116
550	4.91	9	17.0	45	49.24	116
600	4.75	9	16.82	47	53.59	129
650	4.76	9	16.76	47	55.55	129
700	4.84	9	17.08	47	58.33	129
750	4.82	9	17.08	47	59.09	129
800	4.93	9	17.46	47	60.96	129
850	5.1	9	17.86	47	63.71	129
900	5.06	9	17.92	47	64.66	129
950	4.96	9	17.34	47	65.94	129
1000	5.09	9	17.88	47	66.63	129
1050	5.12	9	17.86	47	67.36	129
1100	5.3	9	18.52	47	70.82	139
1150	5.24	9	18.2	47	71.24	139
1200	5.29	9	18.32	47	72.59	139
1250	5.29	9	18.5	47	73.8	139
1300	5.36	9	18.78	47	74.7	139
1350	5.36	9	18.84	47	75.22	139
1400	5.47	9	19.28	47	75.61	139
1450	5.6	9	19.96	47	76.83	139
1500	5.61	9	19.96	47	77.54	139
1550	5.66	9	20.22	47	77.72	139
1600	5.61	9	20.2	47	79.67	139
1650	5.67	9	20.36	47	79.85	139
1700	5.72	9	20.6	47	81.04	139
1750	5.72	9	20.72	47	81.44	139
1800	5.75	9	21.08	47	81.92	139
1850	5.71	9	21.18	47	82.27	139
1900	5.67	9	20.66	47	82.72	139
1950	5.7	9	20.82	47	83.04	139
2000	5.68	9	20.88	47	84.03	139

Run 3
100	4.8	7	146.06	255	14.38	86
150	3.14	9	52.2	257	17.16	105
200	1.69	9	5.84	33	11.19	105
250	2.92	9	9.18	33	24.49	128
300	3.73	9	11.28	31	35.98	156
350	4.0	9	12.2	31	45.73	156
400	4.34	9	13.08	31	53.94	156
450	4.39	9	12.96	31	60.42	156
500	4.58	9	13.04	31	66.83	156
550	4.77	9	13.54	31	70.56	156
600	4.87	9	14.0	31	74.58	156
650	4.8	9	13.62	31	75.35	156
700	4.86	9	13.52	31	77.67	156
750	4.81	9	13.24	29	81.31	156
800	5.02	9	13.78	29	84.5	156
850	5.04	9	13.88	29	86.28	156
900	5.14	9	14.16	29	87.52	156
950	5.3	9	14.6	29	90.48	156
1000	5.26	9	14.64	29	91.84	156
1050	5.23	9	14.7	29	91.75	156
1100	5.3	9	15.0	33	93.77	156
1150	5.28	9	15.08	33	95.18	156
1200	5.44	9	15.5	33	96.5	156
1250	5.54	9	15.78	33	97.23	156
1300	5.57	9	15.86	33	97.22	156
1350	5.56	9	15.84	33	97.63	156
1400	5.74	9	16.42	33	98.76	156
1450	5.74	9	16.42	33	99.36	156
1500	5.75	9	16.36	33	100.54	156
1550	5.65	9	15.98	31	101.85	156
1600	5.63	9	16.06	31	102.27	156
1650	5.77	9	16.56	37	103.28	156
1700	5.73	9	16.42	37	104.4	156
1750	5.65	9	16.08	37	104.44	156
1800	5.57	9	15.96	37	105.64	165
1850	5.58	9	15.98	37	106.71	165
1900	5.62	9	16.14	37	107.43	165
1950	5.57	9	15.84	37	107.54	165
2000	5.54	9	15.78	37	106.94	165

Run 4
100	4.74	7	144.64	255	17.31	80
150	2.6	7	40.76	255	15.53	80
200	1.53	7	6.0	41	10.59	74
250	2.49	7	9.1	43	18.63	74
300	3.17	7	11.06	43	26.79	105
350	3.4	9	11.38	41	34.54	105
400	3.44	9	11.2	41	38.11	105
450	3.53	9	11.48	41	42.11	105
500	3.61	9	11.28	41	45.55	105
550	3.92	9	12.28	41	49.12	107
600	3.9	9	12.34	41	51.28	107
650	4.05	9	12.98	41	53.68	107
700	4.07	9	13.4	45	57.19	107
750	4.23	9	13.62	45	60.09	107
800	4.53	9	14.46	45	62.73	126
850	4.67	9	14.82	45	66.04	126
900	4.69	9	14.68	45	68.46	126
950	4.89	9	14.84	45	70.57	126
1000	5.01	9	14.96	41	72.37	166
1050	5.12	9	15.3	41	73.79	166
1100	5.13	9	15.02	41	75.79	166
1150	5.04	9	14.56	41	76.99	166
1200	5.11	9	14.66	41	79.32	166
1250	4.96	9	13.92	41	79.83	166
1300	4.99	9	13.94	41	80.45	166
1350	5.03	9	14.16	41	80.73	166
1400	5.04	9	14.16	41	81.4	166
1450	5.11	9	13.96	37	84.14	166
1500	5.15	9	14.04	37	85.86	166
1550	5.26	9	14.32	37	86.82	166
1600	5.37	9	14.72	37	87.33	166
1650	5.4	9	14.78	37	88.03	166
1700	5.56	9	15.16	37	88.62	166
1750	5.42	9	14.86	37	88.36	166
1800	5.43	9	14.92	37	89.29	166
1850	5.44	9	14.92	37	89.3	166
1900	5.43	9	14.86	37	88.79	166
1950	5.34	9	14.54	37	89.72	166
2000	5.55	9	15.06	37	90.9	166

Run 5
100	4.92	7	133.04	255	15.02	85
150	3.52	9	32.22	261	13.43	85
200	2.56	9	10.96	61	14.21	66
250	3.84	9	16.56	61	28.32	112
300	4.89	9	19.72	63	37.84	112
350	5.24	9	21.14	63	47.44	112
400	5.68	9	22.74	63	54.66	112
450	5.74	9	22.82	63	58.84	112
500	5.92	9	23.08	63	62.51	112
550	6.16	9	23.66	63	66.52	112
600	6.14	9	23.4	63	69.19	112
650	6.21	9	23.26	63	70.84	112
700	6.28	9	24.16	63	72.44	112
750	6.25	9	22.78	63	73.7	112
800	6.15	9	22.06	63	74.12	112
850	6.22	9	22.66	63	74.9	112
900	6.29	9	23.16	63	77.1	112
950	6.37	9	23.08	63	78.81	112
1000	6.55	9	23.98	63	80.93	112
1050	6.45	9	23.34	63	82.75	112
1100	6.5	9	23.62	63	84.21	112
1150	6.47	9	23.44	63	85.18	112
1200	6.45	9	23.26	63	86.18	147
1250	6.53	9	23.3	45	86.91	147
1300	6.56	9	22.96	45	88.54	147
1350	6.5	9	22.48	45	89.0	147
1400	6.6	9	22.58	45	89.81	147
1450	6.6	9	22.74	47	90.4	147
1500	6.58	9	22.8	47	89.4	147
1550	6.6	9	22.88	47	90.85	147
1600	6.56	9	22.46	47	91.32	147
1650	6.54	9	22.18	47	90.84	147
1700	6.53	9	22.24	47	91.05	147
1750	6.58	9	22.56	47	91.99	147
1800	6.56	9	22.4	45	91.3	147
1850	6.5	9	21.94	45	92.93	147
1900	6.6	9	22.34	45	94.32	147
1950	6.58	9	22.28	45	94.23	147
2000	6.49	9	21.92	45	93.94	147

Run 6
100	4.4	7	135.36	255	14.21	68
150	1.93	7	34.46	255	9.0	68
200	0.9	7	3.24	27	5.83	43
250	2.31	9	7.24	31	15.01	106
300	3.49	9	10.4	31	24.53	106
350	3.98	9	11.78	33	31.89	106
400	4.07	9	11.92	31	37.43	106
450	4.22	9	12.4	31	41.19	106
500	4.3	9	12.54	31	44.84	106
550	4.26	9	12.16	31	47.6	106
600	4.39	9	12.62	35	49.74	106
650	4.4	9	12.4	35	52.69	106
700	4.48	9	12.62	47	54.51	106
750	4.58	9	12.8	47	56.57	106
800	4.69	9	12.9	47	58.91	108
850	4.62	9	12.66	47	60.17	124
900	4.62	9	12.66	47	61.59	124
950	4.71	9	12.86	47	64.48	124
1000	4.79	9	13.0	47	67.0	124
1050	4.93	9	13.32	47	68.87	124
1100	4.99	9	13.58	47	71.01	124
1150	5.1	9	14.0	47	71.93	124
1200	5.19	9	14.28	47	73.79	124
1250	5.19	9	14.42	47	76.33	124
1300	5.18	9	14.44	47	78.03	124
1350	5.24	9	14.84	47	80.4	144
1400	5.34	9	15.12	47	82.0	144
1450	5.45	9	15.56	47	85.16	154
1500	5.44	9	15.76	47	86.17	154
1550	5.45	9	16.02	47	87.23	154
1600	5.43	9	15.82	47	87.77	154
1650	5.56	9	16.32	47	89.32	154
1700	5.58	9	16.36	47	89.61	154
1750	5.67	9	16.76	47	91.65	154
1800	5.71	9	16.88	47	92.52	154
1850	5.65	9	16.66	47	93.89	154
1900	5.73	9	16.54	47	96.02	154
1950	5.79	9	16.94	47	96.8	154
2000	5.83	9	17.0	47	97.04	154

Run 7
100	4.95	7	153.9	255	17.91	72
150	3.0	9	59.72	263	15.92	87
200	1.4	9	6.34	63	9.05	105
250	2.55	9	11.02	51	19.42	110
300	4.83	9	20.86	51	36.52	110
350	6.2	9	27.0	55	48.71	119
400	6.51	9	28.2	51	56.29	119
450	6.77	9	30.44	55	64.12	119
500	7.32	9	33.42	59	71.1	119
550	7.72	9	35.94	59	77.6	119
600	7.8	9	36.38	59	82.84	130
650	7.98	9	37.28	59	85.74	130
700	8.2	9	39.0	65	90.3	152
750	8.25	9	39.26	65	92.27	152
800	8.15	9	38.54	65	94.47	152
850	8.2	9	40.04	65	97.27	152
900	8.21	9	39.9	65	97.91	152
950	8.21	9	40.04	65	100.53	154
1000	8.13	9	39.72	67	102.72	154
1050	8.04	9	38.92	67	103.3	154
1100	7.97	9	37.8	65	102.45	154
1150	7.84	9	36.6	59	102.46	154
1200	7.66	9	35.54	59	101.68	154
1250	7.65	9	35.38	59	102.46	154
1300	7.56	9	34.92	59	102.8	154
1350	7.51	9	34.64	59	103.39	154
1400	7.47	9	34.3	59	103.92	155
1450	7.47	9	34.36	59	104.32	155
1500	7.48	9	34.52	59	105.12	155
1550	7.38	9	33.42	59	106.28	155
1600	7.37	9	33.54	59	105.73	155
1650	7.41	9	33.82	59	107.44	155
1700	7.41	9	33.78	59	108.73	155
1750	7.47	9	34.16	59	109.65	155
1800	7.46	9	34.02	59	109.73	155
1850	7.47	9	34.16	59	110.59	155
1900	7.57	9	35.08	71	110.57	155
1950	7.53	9	34.6	59	110.87	155
2000	7.45	9	33.84	59	111.77	155

Run 8
100	4.93	7	146.56	255	17.51	76
150	3.2	7	46.56	255	18.25	109
200	2.29	9	8.76	39	15.75	109
250	3.89	9	14.7	45	25.9	109
300	4.99	9	18.8	47	36.26	109
350	5.18	9	20.08	47	43.22	125
400	5.6	9	21.88	47	51.44	125
450	5.84	9	22.82	47	54.93	125
500	6.08	9	24.34	49	59.24	125
550	6.13	9	24.4	47	62.73	125
600	6.28	9	25.0	47	64.86	125
650	6.4	9	25.72	47	67.15	125
700	6.5	9	25.88	47	70.52	125
750	6.58	9	26.28	47	74.53	129
800	6.76	9	26.82	47	77.86	129
850	6.81	9	27.2	47	80.02	129
900	6.79	9	27.24	47	81.72	129
950	6.76	9	27.14	47	82.3	129
1000	6.78	9	27.28	47	83.33	129
1050	6.85	9	27.62	47	84.24	129
1100	6.79	9	27.42	47	86.84	141
1150	6.72	9	26.9	47	88.23	141
1200	6.77	9	27.26	47	89.96	141
1250	6.68	9	26.92	47	90.18	141
1300	6.72	9	26.88	47	90.2	141
1350	6.72	9	26.84	47	91.17	141
1400	6.67	9	26.6	51	92.62	141
1450	6.63	9	26.84	51	94.74	141
1500	6.65	9	26.72	51	95.08	141
1550	6.7	9	27.04	51	97.39	158
1600	6.72	9	27.14	51	97.8	158
1650	6.69	9	27.12	51	98.61	158
1700	6.71	9	27.18	51	99.19	158
1750	6.7	9	27.54	55	100.53	158
1800	6.72	9	27.46	55	100.71	158
1850	6.7	9	27.36	55	102.16	158
1900	6.72	9	27.7	55	102.37	158
1950	6.77	9	28.18	55	103.67	158
2000	6.78	9	28.18	55	104.37	158

Run 9
100	4.46	7	123.68	255	16.68	83
150	2.21	7	23.54	255	12.66	83
200	1.46	7	4.82	35	13.75	83
250	2.6	9	7.66	35	23.84	92
300	3.21	9	8.68	35	31.38	92
350	3.1	9	8.34	35	36.89	92
400	3.02	7	8.14	35	41.6	92
450	3.03	8	8.24	35	44.34	92
500	3.14	8	8.54	35	46.08	92
550	3.33	8	9.06	35	47.84	92
600	3.32	8	8.8	35	48.78	92
650	3.33	8	8.8	35	51.99	98
700	3.33	8	8.82	35	53.45	98
750	3.38	8	8.84	35	54.81	98
800	3.43	8	8.9	35	56.05	98
850	3.34	8	8.72	35	57.18	98
900	3.28	8	8.44	33	58.42	98
950	3.17	8	8.12	33	59.09	98
1000	3.32	8	8.42	33	59.98	98
1050	3.35	8	8.58	33	61.0	98
1100	3.39	8	8.66	33	62.69	98
1150	3.32	8	8.74	35	63.95	100
1200	3.32	8	8.78	35	64.45	100
1250	3.44	8	9.08	35	65.0	107
1300	3.53	8	9.46	35	66.37	107
1350	3.43	8	9.1	35	67.75	107
1400	3.32	8	8.82	35	67.48	107
1450	3.43	8	9.12	35	69.47	107
1500	3.51	8	9.48	35	69.35	107
1550	3.5	8	9.48	35	69.67	107
1600	3.42	8	9.14	35	69.77	107
1650	3.49	8	9.32	35	71.05	107
1700	3.63	8	9.68	35	71.99	107
1750	3.7	8	9.94	35	72.1	107
1800	3.66	8	9.92	35	72.95	107
1850	3.72	8	10.02	35	73.93	107
1900	3.75	9	10.08	35	74.0	107
1950	3.9	9	10.56	35	74.72	109
2000	3.84	9	10.22	35	76.84	109

Run 10
100	4.7	7	144.4	255	14.84	99
150	2.71	7	45.92	255	12.19	99
200	1.28	7	6.3	51	6.96	66
250	2.98	9	13.0	51	20.25	121
300	5.36	9	22.14	51	41.38	121
350	6.07	9	25.16	47	53.75	121
400	6.41	9	26.58	47	61.79	121
450	6.35	9	26.04	45	65.48	121
500	6.42	9	26.6	45	69.3	121
550	6.52	9	27.14	49	72.45	121
600	6.55	9	27.0	49	75.49	138
650	6.56	9	27.24	49	76.93	138
700	6.54	9	26.82	49	78.09	138
750	6.59	9	26.96	49	78.96	138
800	6.6	9	26.64	49	81.09	138
850	6.63	9	26.62	51	83.34	138
900	6.7	9	27.02	51	84.26	138
950	6.59	9	26.84	51	84.99	138
1000	6.55	9	26.62	51	86.73	138
1050	6.57	9	26.54	51	86.4	138
1100	6.55	9	26.24	51	87.98	138
1150	6.59	9	26.48	51	89.08	138
1200	6.6	9	26.42	61	89.13	138
1250	6.54	9	26.12	61	88.65	138
1300	6.56	9	26.36	61	89.42	138
1350	6.59	9	26.52	61	90.24	138
1400	6.59	9	26.48	61	89.91	138
1450	6.56	9	25.96	49	90.52	138
1500	6.6	9	26.1	49	91.65	138
1550	6.65	9	26.06	49	92.87	138
1600	6.62	9	25.88	49	93.37	138
1650	6.64	9	26.18	49	93.1	138
1700	6.61	9	25.96	49	94.8	138
1750	6.65	9	26.3	49	93.86	138
1800	6.69	9	26.72	49	95.01	138
1850	6.69	9	26.42	49	96.37	138
1900	6.62	9	25.98	49	95.36	138
1950	6.68	9	26.16	49	96.09	138
2000	6.68	9	26.14	49	96.95	138

Run 11
100	4.45	7	125.18	255	13.11	60
150	2.55	7	20.64	255	11.89	101
200	2.45	9	11.44	49	14.66	101
250	4.32	9	19.6	49	26.18	107
300	5.68	8	24.98	49	37.65	107
350	6.03	8	26.28	49	42.79	107
400	6.17	8	27.18	49	49.1	109
450	6.11	9	26.56	49	54.52	109
500	6.24	9	27.42	49	56.26	109
550	6.26	9	27.04	49	58.32	109
600	6.12	9	26.42	49	59.08	109
650	6.15	9	25.84	49	60.47	109
700	6.19	9	26.22	49	61.66	109
750	6.21	9	26.0	49	62.24	109
800	6.41	9	27.14	55	65.29	109
850	6.24	9	25.94	55	66.81	109
900	6.25	9	25.78	55	67.22	109
950	6.32	9	26.34	55	68.74	116
1000	6.39	9	26.4	55	68.38	116
1050	6.33	9	25.96	55	68.7	116
1100	6.24	9	25.56	55	69.06	116
1150	6.21	9	25.38	55	69.36	116
1200	6.31	9	25.74	55	69.68	116
1250	6.33	9	25.58	55	69.43	116
1300	6.27	9	25.46	55	70.06	116
1350	6.3	9	25.54	55	72.35	116
1400	6.37	9	25.72	55	74.15	116
1450	6.34	9	25.42	55	74.27	116
1500	6.34	9	25.5	55	74.78	116
1550	6.4	9	25.5	55	74.96	116
1600	6.34	9	24.94	55	73.83	116
1650	6.38	9	25.22	55	74.84	116
1700	6.43	9	25.54	55	75.27	116
1750	6.36	9	25.22	55	75.61	116
1800	6.34	9	25.22	55	76.43	116
1850	6.39	9	25.72	55	77.34	116
1900	6.42	9	26.0	55	76.94	116
1950	6.41	9	25.72	55	77.57	116
2000	6.32	9	25.16	55	78.41	116

Run 12
100	4.29	7	129.26	255	18.87	103
150	2.09	8	29.78	255	11.72	103
200	1.26	7	4.88	43	9.13	72
250	2.36	7	8.0	43	19.27	94
300	3.37	9	10.72	47	31.15	94
350	3.41	9	10.64	49	38.2	94
400	3.34	9	10.24	49	44.31	110
450	3.43	9	10.42	49	51.23	151
500	3.72	9	11.38	49	54.99	151
550	3.88	9	11.94	49	59.98	151
600	3.87	9	11.76	49	63.31	151
650	3.97	9	12.3	49	69.89	151
700	4.07	9	12.54	49	74.52	151
750	4.02	9	12.46	49	78.13	151
800	4.04	9	12.3	49	81.5	151
850	3.98	9	12.06	49	83.59	151
900	4.06	9	12.38	49	85.88	151
950	3.94	9	11.62	47	87.65	151
1000	3.87	9	11.3	31	91.44	151
1050	3.96	9	11.4	31	94.15	151
1100	3.91	9	11.38	33	94.96	151
1150	4.01	9	11.64	33	97.77	151
1200	4.03	9	11.74	33	99.15	151
1250	4.0	9	11.72	33	101.09	151
1300	4.0	9	11.88	33	101.47	151
1350	4.09	9	12.32	33	103.41	151
1400	4.13	9	12.44	33	104.62	151
1450	4.2	9	12.76	33	105.25	151
1500	4.12	9	12.38	33	105.1	151
1550	4.15	9	12.5	33	106.24	151
1600	4.08	9	12.18	33	107.96	151
1650	4.12	9	12.36	33	109.44	151
1700	4.11	9	12.44	33	109.24	151
1750	4.21	9	12.76	33	112.41	157
1800	4.33	9	13.08	33	111.1	157
1850	4.24	9	12.98	33	111.41	157
1900	4.26	9	13.14	33	112.28	157
1950	4.28	9	12.98	33	114.67	157
2000	4.28	9	13.0	33	115.56	157

Run 13
100	4.33	7	128.66	255	17.18	79
150	2.45	8	41.04	257	14.83	91
200	1.46	7	5.72	63	11.18	91
250	2.46	7	9.52	63	22.17	91
300	3.37	8	12.52	63	32.09	91
350	3.39	8	12.22	63	38.82	101
400	3.62	8	12.56	63	42.89	101
450	3.57	7	12.44	63	44.8	105
500	3.59	7	12.2	63	47.63	105
550	3.68	9	12.9	63	50.97	105
600	3.77	9	13.06	63	53.32	112
650	3.9	9	13.32	63	54.78	112
700	3.95	9	13.36	41	59.79	112
750	4.02	9	13.94	41	62.72	112
800	4.22	9	14.62	41	64.43	112
850	4.41	9	15.42	41	67.02	112
900	4.39	9	15.44	41	67.39	112
950	4.47	9	15.84	41	69.32	112
1000	4.39	9	15.84	41	71.06	112
1050	4.48	9	16.18	41	72.79	112
1100	4.43	9	15.86	37	73.29	112
1150	4.43	9	15.94	37	75.75	128
1200	4.36	9	15.78	37	77.64	137
1250	4.37	9	15.96	37	79.83	137
1300	4.37	9	15.94	37	80.97	137
1350	4.32	9	15.68	37	80.62	137
1400	4.37	9	16.02	37	81.84	137
1450	4.4	9	16.2	37	83.14	137
1500	4.47	9	16.58	37	84.87	137
1550	4.46	9	16.68	37	85.68	137
1600	4.53	9	16.88	37	85.08	137
1650	4.58	9	17.08	37	86.33	137
1700	4.56	9	16.98	37	87.59	137
1750	4.58	9	17.16	37	89.01	137
1800	4.65	9	17.44	37	89.91	137
1850	4.65	9	17.48	37	89.67	137
1900	4.73	9	17.8	37	90.05	137
1950	4.69	9	17.56	37	91.06	137
2000	4.59	9	17.2	37	91.99	141

Run 14
100	4.42	7	131.94	255	14.44	68
150	2.11	9	23.04	259	9.54	121
200	1.49	7	5.7	37	9.14	121
250	2.95	7	10.14	31	20.42	121
300	5.01	9	16.54	39	34.63	121
350	5.63	9	19.24	53	45.38	121
400	5.8	9	20.5	53	50.45	137
450	6.12	9	21.96	55	53.51	137
500	6.17	9	21.8	53	58.97	137
550	6.41	9	22.9	53	62.34	137
600	6.47	9	23.32	53	66.95	137
650	6.59	9	23.74	53	70.55	137
700	6.61	9	24.06	53	72.96	137
750	6.67	9	24.42	53	76.86	138
800	6.71	9	24.66	53	79.95	138
850	6.81	9	25.1	53	81.24	138
900	6.77	9	25.12	53	82.87	138
950	6.81	9	25.16	53	85.61	138
1000	6.84	9	25.16	53	86.83	138
1050	6.81	9	25.08	53	87.73	138
1100	6.83	9	25.34	53	89.28	146
1150	6.8	9	25.24	53	90.78	146
1200	6.83	9	25.56	53	92.06	146
1250	6.84	9	25.66	53	93.36	146
1300	6.89	9	25.96	53	95.14	146
1350	6.83	9	25.74	53	94.83	146
1400	6.84	9	25.64	53	96.98	146
1450	6.85	9	25.46	53	98.08	146
1500	6.83	9	25.7	53	98.12	146
1550	6.84	9	25.58	53	99.1	146
1600	6.84	9	25.24	53	99.82	146
1650	6.87	9	25.44	53	102.57	146
1700	6.92	9	25.66	53	104.5	146
1750	6.95	9	25.7	45	104.33	146
1800	6.94	9	25.54	45	106.04	149
1850	6.88	9	25.28	45	105.68	149
1900	6.91	9	25.44	41	107.14	149
1950	6.81	9	24.88	41	107.04	149
2000	6.8	9	24.86	41	106.54	149

Run 15
100	3.96	7	112.64	255	13.77	88
150	2.18	8	25.38	255	9.37	70
200	1.28	8	4.4	31	6.97	55
250	2.33	8	6.98	31	15.09	71
300	3.67	8	10.3	31	23.56	71
350	3.66	8	9.92	23	27.89	83
400	3.77	8	10.28	25	31.5	83
450	3.64	8	9.92	25	34.26	83
500	3.68	8	9.96	27	36.43	83
550	3.69	8	9.8	27	38.09	83
600	3.84	8	10.14	25	40.78	83
650	3.79	9	9.86	25	41.36	83
700	3.83	9	10.04	25	43.61	124
750	3.84	9	10.06	25	44.54	124
800	3.92	9	10.34	39	47.82	124
850	4.0	9	10.38	39	48.63	124
900	4.1	9	10.62	39	49.33	124
950	4.24	9	10.96	39	50.31	124
1000	4.26	9	11.0	39	51.23	124
1050	4.25	9	10.96	39	52.4	124
1100	4.36	9	11.22	39	54.15	124
1150	4.45	9	11.5	39	54.9	124
1200	4.69	9	12.04	39	56.13	124
1250	4.77	9	12.22	39	56.79	124
1300	4.94	9	12.58	39	57.91	124
1350	4.94	9	12.46	39	59.45	127
1400	5.01	9	12.6	39	62.09	127
1450	5.08	9	12.68	33	63.29	127
1500	5.2	9	13.1	33	64.51	127
1550	5.24	9	13.04	27	65.67	127
1600	5.23	9	12.98	27	65.22	127
1650	5.33	9	13.3	27	67.23	127
1700	5.27	9	12.94	27	68.31	127
1750	5.27	9	12.94	27	68.53	127
1800	5.3	9	13.1	27	68.69	127
1850	5.36	9	13.22	27	69.18	127
1900	5.41	9	13.4	27	69.7	127
1950	5.41	9	13.3	27	72.07	127
2000	5.41	9	13.32	27	72.82	127

Run 16
100	4.22	7	127.72	255	11.69	57
150	2.05	8	22.72	255	9.91	57
200	1.52	8	4.96	27	11.47	74
250	2.93	8	8.6	27	22.11	74
300	3.48	7	9.84	27	31.46	90
350	3.6	8	10.24	29	40.44	100
400	3.65	8	10.22	29	46.33	121
450	3.66	8	10.26	31	48.7	121
500	3.73	8	10.4	31	50.84	121
550	3.63	8	9.84	31	55.05	160
600	3.87	8	10.36	31	59.29	160
650	3.86	8	10.36	33	62.4	160
700	3.9	8	10.2	33	65.17	160
750	4.03	8	10.36	33	67.24	160
800	4.12	8	10.42	33	69.38	160
850	4.14	8	10.18	29	71.21	160
900	4.15	9	10.1	29	74.23	160
950	4.14	9	9.96	27	75.86	160
1000	4.38	9	10.48	27	80.61	163
1050	4.52	9	10.84	27	83.06	163
1100	4.46	9	10.7	27	87.38	171
1150	4.49	9	10.76	27	90.36	171
1200	4.59	9	11.0	27	93.05	171
1250	4.95	9	11.94	29	96.27	171
1300	5.02	9	12.02	29	97.5	171
1350	5.18	9	12.3	29	98.83	171
1400	5.13	9	12.38	39	100.27	171
1450	5.13	9	12.26	25	101.23	171
1500	5.19	9	12.44	25	102.7	171
1550	5.32	9	12.7	25	104.35	171
1600	5.41	9	12.92	25	104.89	171
1650	5.51	9	13.1	23	105.89	171
1700	5.6	9	13.32	23	107.17	171
1750	5.65	9	13.24	23	109.57	171
1800	5.74	9	13.44	23	110.59	171
1850	5.8	9	13.66	23	111.26	171
1900	5.81	9	13.7	25	112.45	171
1950	6.04	9	14.32	25	116.86	197
2000	6.07	9	14.28	25	118.35	197

Run 17
100	4.36	7	133.12	255	17.44	88
150	2.49	9	38.6	255	11.97	88
200	1.17	7	5.08	71	6.6	63
250	2.17	8	7.34	41	16.96	104
300	3.24	9	10.22	41	26.37	114
350	3.47	9	10.36	43	33.77	114
400	3.63	9	10.42	43	39.25	114
450	3.68	9	10.64	43	43.74	114
500	4.02	9	11.88	43	47.62	114
550	4.14	9	11.96	43	51.36	114
600	4.36	9	12.76	43	54.11	115
650	4.42	9	12.5	43	57.98	115
700	4.45	9	12.64	43	60.15	126
750	4.54	9	12.84	43	62.62	126
800	4.56	9	12.78	43	64.01	126
850	4.68	9	13.24	43	66.15	128
900	4.73	9	13.52	43	68.04	128
950	4.86	9	13.68	43	70.23	128
1000	5.0	9	14.0	43	72.42	128
1050	4.94	9	13.68	43	74.07	128
1100	5.03	9	13.84	43	75.47	129
1150	5.06	9	13.68	37	77.71	129
1200	5.07	9	13.76	37	78.7	129
1250	5.06	9	13.58	37	80.98	129
1300	5.08	9	13.22	29	83.61	129
1350	5.13	9	13.06	29	85.84	129
1400	5.18	9	13.3	29	87.76	129
1450	5.21	9	13.5	29	88.74	129
1500	5.33	9	13.94	33	90.42	166
1550	5.37	9	14.08	33	90.79	166
1600	5.5	9	14.36	33	91.86	166
1650	5.6	9	14.66	33	92.96	166
1700	5.55	9	14.48	33	94.1	166
1750	5.64	9	14.88	33	95.87	166
1800	5.69	9	15.0	33	97.59	166
1850	5.84	9	15.54	33	97.82	166
1900	5.79	9	15.34	33	98.88	166
1950	5.76	9	15.22	33	99.56	166
2000	5.65	9	14.82	29	99.63	166

Run 18
100	4.45	7	131.36	255	16.45	70
150	2.84	8	47.06	257	16.46	110
200	1.38	7	5.42	49	9.11	62
250	2.63	9	9.8	49	20.25	80
300	3.92	9	14.14	55	29.25	90
350	4.05	9	14.84	55	36.07	90
400	4.18	9	15.06	55	41.28	92
450	4.58	9	17.96	55	44.96	93
500	4.64	9	18.36	55	47.4	93
550	4.65	9	17.98	57	47.94	93
600	4.66	9	18.08	57	49.75	115
650	4.93	9	18.56	57	51.73	115
700	5.01	9	18.52	57	53.2	115
750	5.27	9	19.88	57	56.32	115
800	5.36	9	20.72	57	58.39	115
850	5.34	9	20.72	57	59.42	115
900	5.39	9	20.94	57	61.16	115
950	5.37	9	20.5	57	62.3	115
1000	5.59	9	21.68	57	63.84	115
1050	5.65	9	22.2	57	64.8	115
1100	5.98	9	24.18	57	68.93	115
1150	6.0	9	24.32	57	69.54	115
1200	6.3	9	24.98	57	71.28	115
1250	6.57	9	26.48	57	74.64	123
1300	6.77	9	26.82	53	75.47	123
1350	6.81	9	26.58	53	76.42	123
1400	7.0	9	27.5	53	78.69	123
1450	7.31	9	28.8	53	79.07	123
1500	7.37	9	29.0	53	80.35	123
1550	7.36	9	29.18	53	80.74	123
1600	7.51	9	29.3	53	82.18	123
1650	7.62	9	29.16	53	82.88	123
1700	7.75	9	29.02	53	84.29	125
1750	7.82	9	29.2	53	85.54	125
1800	7.79	9	28.74	53	86.63	137
1850	7.76	9	28.28	53	87.18	137
1900	7.79	9	28.38	53	87.85	137
1950	7.79	9	28.34	53	88.84	137
2000	7.88	9	28.64	53	89.23	137

Run 19
100	4.64	7	129.08	255	15.5	62
150	2.96	7	33.34	255	11.03	92
200	1.54	7	5.84	43	9.26	92
250	2.35	7	8.34	43	18.56	99
300	3.34	8	11.64	43	31.81	99
350	3.76	9	12.68	39	42.47	104
400	3.9	9	13.52	55	47.95	104
450	4.03	9	14.16	55	54.91	104
500	4.32	9	15.7	55	62.43	106
550	4.34	9	15.66	55	65.32	106
600	4.46	9	16.02	55	68.19	118
650	4.48	9	16.04	55	70.2	118
700	4.5	9	16.2	55	71.37	118
750	4.56	9	16.34	55	73.05	118
800	4.66	9	16.78	55	75.76	123
850	4.84	9	17.14	55	77.47	123
900	4.78	9	17.18	55	79.28	123
950	4.82	9	17.54	55	80.28	123
1000	4.87	9	17.84	55	82.61	126
1050	4.89	9	17.94	55	83.32	126
1100	4.86	9	17.98	55	83.65	126
1150	4.87	9	17.98	55	84.48	126
1200	4.93	9	17.94	55	85.4	126
1250	4.9	9	17.82	55	86.6	126
1300	4.92	9	18.02	55	86.46	126
1350	4.96	9	18.18	55	86.4	126
1400	4.96	9	18.06	55	86.87	126
1450	5.02	9	18.18	55	88.04	126
1500	4.99	9	18.0	55	88.77	126
1550	4.87	9	17.54	55	89.03	126
1600	4.84	9	17.42	55	90.05	126
1650	4.93	9	17.74	55	90.73	126
1700	4.91	9	17.72	55	92.06	126
1750	4.83	9	17.38	55	91.61	126
1800	4.82	9	17.3	55	92.05	126
1850	4.88	9	17.64	55	93.85	134
1900	4.84	9	17.58	55	94.27	134
1950	4.84	9	17.7	55	94.32	134
2000	4.82	9	17.68	55	94.51	134

Run 20
100	4.38	7	133.48	255	13.41	79
150	2.49	9	36.86	255	11.3	79
200	1.28	9	5.16	39	9.32	62
250	2.42	9	8.7	39	18.49	100
300	3.61	8	12.06	37	30.77	100
350	3.77	9	12.68	35	35.72	100
400	3.88	9	12.98	35	41.65	109
450	4.02	9	13.46	35	47.89	113
500	4.12	9	14.0	35	52.3	113
550	4.12	9	14.1	35	57.04	113
600	4.19	9	14.48	39	58.52	113
650	4.18	9	14.52	39	61.59	143
700	4.13	9	14.28	35	63.31	143
750	4.14	9	14.32	35	66.73	143
800	4.17	9	14.54	37	69.51	143
850	4.1	9	14.56	35	71.2	143
900	4.17	9	14.94	39	73.25	143
950	4.28	9	15.2	39	74.6	143
1000	4.31	9	15.12	39	75.22	143
1050	4.3	9	14.9	39	77.18	143
1100	4.31	9	14.7	39	78.5	143
1150	4.34	9	14.78	39	79.73	143
1200	4.39	9	15.04	39	82.55	143
1250	4.41	9	15.26	39	83.49	143
1300	4.46	9	15.48	39	84.68	143
1350	4.42	9	15.4	35	86.12	143
1400	4.42	9	15.52	37	86.98	143
1450	4.53	9	15.98	37	89.01	143
1500	4.57	9	16.22	37	89.93	143
1550	4.68	9	16.52	39	92.5	143
1600	4.72	9	16.72	39	93.77	143
1650	4.72	9	16.6	39	94.44	143
1700	4.63	9	16.22	39	94.67	143
1750	4.65	9	16.1	39	96.21	143
1800	4.61	9	15.84	39	96.35	143
1850	4.61	9	15.72	39	97.08	143
1900	4.67	9	15.98	39	97.49	143
1950	4.58	9	15.78	39	98.84	143
2000	4.58	9	15.76	39	99.33	143

Run 21
100	4.31	7	125.78	255	14.69	90
150	2.02	9	19.2	255	10.77	107
200	1.64	9	5.66	47	12.04	107
250	3.64	9	11.58	47	25.55	107
300	5.2	9	17.08	47	38.75	107
350	6.03	9	20.62	49	53.05	107
400	6.7	9	23.04	49	62.2	107
450	6.95	9	23.76	49	68.35	107
500	7.02	9	24.02	47	73.81	111
550	7.08	9	24.78	47	79.78	124
600	7.12	9	25.1	47	83.41	124
650	7.13	9	25.44	47	87.24	124
700	7.18	9	25.56	47	89.04	124
750	7.14	9	25.36	47	89.89	124
800	7.21	9	24.86	47	91.33	124
850	7.23	9	24.82	47	92.27	124
900	7.26	9	24.94	47	93.36	124
950	7.32	9	25.0	47	94.28	124
1000	7.26	9	24.64	47	95.34	145
1050	7.26	9	24.98	59	95.7	145
1100	7.27	9	24.86	59	96.29	145
1150	7.18	9	24.52	59	97.38	145
1200	7.2	9	24.6	59	98.36	145
1250	7.22	9	24.86	59	99.35	145
1300	7.21	9	24.6	59	99.81	145
1350	7.13	9	23.76	43	100.59	145
1400	7.14	9	23.92	43	101.31	145
1450	7.16	9	23.92	43	101.34	145
1500	7.18	9	23.78	43	102.77	145
1550	7.25	9	24.36	43	104.48	145
1600	7.26	9	24.24	43	104.49	145
1650	7.23	9	24.3	43	105.23	145
1700	7.25	9	24.34	43	106.16	145
1750	7.26	9	24.36	43	106.15	145
1800	7.24	9	24.3	43	106.88	145
1850	7.25	9	24.9	51	108.08	166
1900	7.25	9	24.92	51	108.79	166
1950	7.27	9	25.04	51	109.0	166
2000	7.26	9	25.16	51	110.09	166

Run 22
100	4.62	7	142.86	255	15.99	75
150	2.57	8	40.82	255	10.9	76
200	1.12	8	4.0	31	5.34	62
250	2.19	9	6.72	31	14.0	91
300	3.17	9	9.12	31	26.65	91
350	3.69	9	10.48	31	35.36	148
400	3.86	9	10.7	31	42.14	148
450	3.87	9	10.64	31	53.08	148
500	3.96	9	10.96	31	58.92	148
550	4.06	9	11.02	27	64.74	148
600	4.19	9	11.36	27	67.71	148
650	4.17	9	11.3	25	70.06	148
700	4.25	9	11.58	25	72.72	148
750	4.05	9	10.92	25	76.59	148
800	4.04	9	11.0	25	77.77	148
850	4.11	9	11.3	35	82.1	175
900	4.34	9	11.94	35	83.48	175
950	4.26	9	11.74	35	84.93	175
1000	4.24	9	11.6	25	85.62	175
1050	4.28	9	11.74	25	87.66	175
1100	4.27	9	11.68	25	89.15	175
1150	4.28	9	11.72	25	90.38	175
1200	4.14	9	11.32	25	91.56	175
1250	4.27	9	11.6	25	94.07	175
1300	4.22	9	11.48	25	95.59	175
1350	4.15	9	11.26	25	96.4	175
1400	4.06	9	10.98	23	96.96	175
1450	4.1	9	11.1	23	97.82	175
1500	4.24	9	11.46	23	98.36	175
1550	4.19	8	11.34	23	99.36	175
1600	4.14	8	11.24	21	99.88	175
1650	4.2	8	11.44	21	100.46	175
1700	4.18	8	11.42	21	101.48	175
1750	4.14	8	11.34	21	102.34	175
1800	4.11	8	11.36	21	102.36	175
1850	4.19	8	11.56	21	102.46	175
1900	4.16	8	11.32	21	102.69	175
1950	4.1	8	11.16	21	103.08	175
2000	4.19	8	11.3	21	104.1	175

Run 23
100	4.55	7	140.58	255	16.15	87
150	2.44	9	35.9	257	14.01	87
200	1.63	9	5.16	33	10.07	71
250	2.68	9	7.64	33	20.64	92
300	3.42	7	9.38	33	27.59	92
350	3.71	7	10.34	33	33.78	92
400	3.81	8	10.1	31	37.52	92
450	3.71	8	9.8	31	38.55	92
500	3.81	8	10.1	31	40.18	92
550	3.98	8	10.32	31	42.83	92
600	4.04	8	10.38	31	44.17	94
650	4.12	8	10.76	31	45.65	94
700	3.99	8	10.42	29	47.02	94
750	4.01	8	10.44	29	47.15	94
800	4.01	9	10.46	29	49.47	137
850	3.98	9	10.42	29	50.85	137
900	3.94	9	10.34	29	51.49	137
950	3.96	9	10.42	29	53.63	137
1000	3.95	8	10.46	29	55.35	137
1050	3.95	8	10.56	29	55.66	137
1100	3.96	9	10.74	41	56.12	137
1150	3.87	7	10.24	29	57.27	137
1200	4.07	7	10.92	29	59.24	137
1250	4.07	8	11.06	29	60.07	137
1300	4.07	8	11.02	29	60.18	137
1350	4.09	8	11.1	29	61.2	137
1400	4.1	8	11.26	29	62.72	137
1450	4.05	8	11.08	29	63.48	137
1500	4.2	7	11.46	29	63.97	137
1550	4.33	8	12.02	29	64.26	137
1600	4.29	7	11.94	29	64.58	137
1650	4.36	8	12.08	29	64.92	137
1700	4.35	7	11.98	29	66.32	137
1750	4.45	7	12.28	29	67.35	137
1800	4.48	7	12.56	29	67.65	137
1850	4.58	7	12.86	29	68.35	137
1900	4.65	7	13.02	29	69.53	137
1950	4.72	8	13.32	29	70.01	137
2000	4.57	7	12.88	29	70.92	137

Run 24
100	4.88	7	136.92	255	16.59	91
150	2.81	8	30.16	257	9.88	91
200	1.38	7	4.38	25	7.44	71
250	2.74	9	7.88	27	16.7	74
300	4.44	9	12.36	29	29.77	74
350	4.54	9	12.42	27	38.02	90
400	4.46	8	12.18	27	43.42	90
450	4.38	8	12.1	31	46.48	90
500	4.5	8	12.5	31	50.84	132
550	4.53	9	12.56	31	53.49	132
600	4.5	9	12.48	31	54.06	132
650	4.59	9	12.94	31	55.68	132
700	4.67	9	13.18	31	58.58	132
750	4.57	9	13.06	31	60.79	132
800	4.56	9	13.3	41	63.49	132
850	4.54	9	13.2	41	64.04	132
900	4.58	9	13.58	43	65.92	132
950	4.68	9	14.0	43	67.45	132
1000	4.75	9	14.64	43	68.45	132
1050	4.86	9	15.16	43	70.46	132
1100	4.98	9	15.74	43	73.12	132
1150	5.1	9	16.32	49	73.93	132
1200	5.17	9	16.74	49	74.79	132
1250	5.03	9	16.5	49	76.16	132
1300	5.03	9	16.32	49	76.7	132
1350	5.0	9	16.48	49	77.57	132
1400	4.98	9	16.44	49	78.33	132
1450	4.99	9	16.42	49	78.61	132
1500	4.96	9	16.34	49	78.56	132
1550	5.05	9	16.64	49	79.88	132
1600	5.13	9	16.92	49	80.42	132
1650	5.32	9	17.66	49	80.74	132
1700	5.37	9	17.78	49	81.56	132
1750	5.31	9	17.6	49	82.48	132
1800	5.39	9	17.84	49	82.18	132
1850	5.47	9	18.1	49	82.5	132
1900	5.51	9	18.44	49	82.7	132
1950	5.6	9	18.56	49	83.64	132
2000	5.64	9	18.9	49	84.59	132

Run 25
100	4.54	7	129.14	255	16.05	141
150	2.38	8	32.26	257	13.99	141
200	1.52	8	8.36	255	10.44	141
250	2.62	8	12.7	255	18.96	141
300	4.09	9	17.02	255	30.92	141
350	4.59	9	16.96	59	38.47	79
400	4.69	9	17.06	59	43.04	85
450	4.65	9	15.82	59	46.77	86
500	4.85	9	16.2	59	48.19	86
550	4.81	9	15.64	55	50.55	86
600	4.88	9	15.3	55	53.57	106
650	4.94	9	15.58	55	55.14	106
700	5.06	9	16.0	55	58.04	114
750	5.16	9	16.36	55	59.17	114
800	5.23	9	16.94	55	61.86	114
850	5.21	9	16.6	55	63.05	114
900	5.34	9	17.14	55	65.61	114
950	5.33	9	17.5	55	67.83	114
1000	5.17	9	16.72	55	69.47	114
1050	5.13	9	16.54	55	71.91	114
1100	5.22	9	16.96	55	73.49	114
1150	5.29	9	17.42	55	74.29	114
1200	5.32	9	17.02	55	75.71	114
1250	5.25	9	16.8	55	77.41	114
1300	5.24	9	16.88	55	79.34	114
1350	5.23	9	17.0	55	80.64	114
1400	5.31	9	16.72	39	81.59	114
1450	5.4	9	17.22	39	83.65	114
1500	5.35	9	17.0	39	85.48	115
1550	5.4	9	17.06	39	87.03	117
1600	5.43	9	17.18	39	88.12	117
1650	5.44	9	17.14	39	88.52	117
1700	5.52	9	17.38	39	89.94	117
1750	5.54	9	17.32	39	89.78	117
1800	5.6	9	17.8	39	91.73	117
1850	5.6	9	17.68	37	92.82	118
1900	5.51	9	17.6	37	94.41	118
1950	5.53	9	17.7	31	95.72	148
2000	5.5	9	17.76	31	96.37	148

Run 26
100	4.91	7	147.12	255	14.13	81
150	3.48	9	57.58	257	14.43	104
200	1.56	9	5.82	39	6.84	66
250	2.03	9	7.52	41	13.01	84
300	3.27	9	11.1	41	21.92	84
350	3.61	9	11.86	41	29.83	84
400	3.89	9	12.3	41	35.35	84
450	4.18	9	13.04	41	40.98	99
500	4.38	9	13.78	41	44.83	99
550	4.65	9	14.12	41	47.67	99
600	4.84	9	14.58	41	50.68	99
650	4.91	9	14.6	39	54.21	111
700	4.89	9	14.26	27	56.68	118
750	4.68	9	13.98	27	59.26	118
800	4.79	9	14.26	31	61.97	118
850	4.79	9	14.36	31	63.36	118
900	4.79	9	14.22	31	66.22	118
950	4.8	9	14.38	31	68.33	118
1000	4.84	9	14.32	31	69.49	118
1050	5.0	9	14.6	31	70.85	118
1100	5.14	9	14.84	31	72.32	128
1150	4.94	9	14.48	35	73.93	128
1200	4.9	9	14.38	35	75.95	128
1250	4.98	9	14.52	31	76.98	128
1300	4.83	9	14.18	31	78.69	128
1350	4.88	9	14.7	31	81.28	128
1400	4.94	9	14.86	31	82.4	128
1450	4.94	9	14.66	33	84.43	128
1500	4.93	9	14.54	33	86.44	128
1550	4.99	9	14.82	33	86.92	128
1600	5.0	9	14.86	33	87.28	128
1650	5.02	9	14.82	33	87.75	128
1700	4.9	9	14.48	33	88.38	128
1750	5.0	9	14.76	33	88.93	128
1800	5.2	9	15.42	33	90.25	128
1850	5.25	9	15.5	37	91.04	129
1900	5.33	9	15.9	37	91.79	129
1950	5.13	9	15.3	37	90.51	129
2000	5.31	9	15.86	37	91.68	129

Run 27
100	5.06	7	145.56	255	12.6	81
150	2.68	9	35.9	259	9.11	81
200	1.41	7	5.92	49	8.56	70
250	2.71	9	9.52	49	20.86	101
300	4.25	7	13.36	49	37.44	109
350	4.79	7	14.42	49	47.81	134
400	4.84	9	14.12	29	58.99	134
450	4.98	9	14.46	29	64.84	134
500	4.83	8	14.04	29	68.08	134
550	4.76	8	13.98	29	73.24	134
600	4.87	9	14.42	31	77.05	134
650	4.91	9	14.7	31	79.18	134
700	4.96	9	14.78	35	81.62	135
750	5.0	9	14.98	35	84.83	135
800	5.07	9	15.14	35	86.27	135
850	5.06	9	15.12	35	87.6	135
900	5.12	9	15.48	35	91.01	135
950	5.26	9	16.0	35	92.93	135
1000	5.28	9	15.92	35	94.25	135
1050	5.4	9	16.5	35	96.29	135
1100	5.32	9	16.56	35	97.96	135
1150	5.39	9	16.72	35	98.47	135
1200	5.41	9	16.92	35	99.09	135
1250	5.42	9	16.94	35	100.06	147
1300	5.41	9	16.92	35	100.02	147
1350	5.46	9	17.02	35	101.39	147
1400	5.43	9	17.0	35	102.78	147
1450	5.6	9	17.7	35	103.82	147
1500	5.65	9	17.86	35	103.79	147
1550	5.73	9	18.0	35	105.58	147
1600	5.72	9	18.02	35	106.69	157
1650	5.69	9	18.02	35	106.22	157
1700	5.66	9	17.98	35	105.55	157
1750	5.65	9	18.0	35	106.55	157
1800	5.67	9	18.06	35	106.99	157
1850	5.77	9	18.44	35	108.81	157
1900	5.79	9	18.64	35	109.51	177
1950	5.88	9	19.04	37	110.3	177
2000	5.9	9	18.86	35	111.12	177

Run 28
100	4.63	7	138.92	255	16.24	113
150	2.49	7	36.72	255	11.38	113
200	1.18	9	5.12	47	6.49	61
250	2.07	9	7.62	51	15.35	92
300	3.33	9	11.44	51	26.07	92
350	3.62	9	12.14	51	33.53	97
400	3.36	9	10.86	31	38.82	97
450	3.48	9	11.0	31	43.25	108
500	3.49	9	10.88	31	46.79	108
550	3.54	9	11.06	31	48.77	108
600	3.85	9	12.14	31	50.86	108
650	3.64	9	11.26	31	54.58	108
700	3.65	9	11.28	31	56.59	108
750	3.58	9	11.08	31	57.79	108
800	3.7	9	11.46	31	60.14	108
850	3.57	9	11.06	31	63.3	108
900	3.73	9	11.6	33	64.39	108
950	3.73	9	11.74	33	65.98	108
1000	3.8	9	11.94	33	66.19	108
1050	3.75	9	11.64	39	68.36	114
1100	3.67	9	11.36	39	69.61	114
1150	3.81	9	11.66	39	71.6	118
1200	4.07	9	12.68	39	73.23	118
1250	4.13	9	12.98	39	74.23	118
1300	4.09	9	12.84	39	74.98	118
1350	4.19	9	13.06	39	76.57	118
1400	4.18	9	12.96	39	76.54	118
1450	4.28	9	13.16	39	78.32	118
1500	4.35	9	13.38	39	80.06	118
1550	4.48	9	13.96	39	82.34	118
1600	4.55	9	14.16	39	83.99	128
1650	4.71	9	14.66	39	86.03	128
1700	4.78	9	14.88	39	87.32	128
1750	4.74	9	14.86	39	86.91	128
1800	4.85	9	15.32	39	88.15	128
1850	4.93	9	15.42	39	88.67	128
1900	5.04	9	15.76	39	90.08	128
1950	5.09	9	16.08	39	90.23	128
2000	5.11	9	16.28	39	91.55	128

Run 29
100	4.39	7	131.52	255	14.44	88
150	2.24	8	34.06	257	9.6	88
200	0.99	7	4.76	65	6.23	88
250	2.69	8	11.38	65	18.62	92
300	4.71	8	18.72	65	32.71	109
350	5.59	9	21.48	65	43.13	109
400	5.75	9	22.38	67	50.07	109
450	6.04	9	22.76	67	54.67	117
500	6.18	9	23.94	67	58.68	119
550	6.2	9	23.66	67	61.35	119
600	6.29	9	24.42	67	64.51	119
650	6.23	9	23.48	67	66.23	119
700	6.19	9	23.6	67	68.36	119
750	6.08	9	23.28	67	70.68	138
800	6.2	9	23.48	67	71.43	138
850	6.25	9	23.66	67	72.48	138
900	6.32	9	23.72	67	74.68	138
950	6.53	9	24.56	67	79.01	138
1000	6.57	9	24.52	67	79.18	138
1050	6.54	9	24.44	67	82.63	138
1100	6.55	9	24.64	67	83.86	138
1150	6.59	9	24.88	67	85.17	138
1200	6.59	9	24.18	67	86.88	138
1250	6.52	9	23.72	67	89.17	138
1300	6.63	9	24.5	67	90.37	138
1350	6.65	9	24.68	67	91.25	138
1400	6.69	9	24.64	67	93.25	138
1450	6.69	9	24.26	67	93.8	138
1500	6.74	9	24.56	67	94.25	138
1550	6.71	9	24.84	67	95.58	138
1600	6.68	9	25.14	67	96.18	138
1650	6.65	9	24.5	63	97.57	148
1700	6.71	9	24.54	47	97.84	148
1750	6.71	9	24.28	47	98.38	148
1800	6.69	9	24.2	47	99.43	148
1850	6.69	9	24.28	47	99.41	148
1900	6.67	9	24.18	47	98.53	148
1950	6.72	9	24.88	47	99.13	148
2000	6.72	9	24.58	45	101.4	148

Run 30
100	5.41	7	166.52	255	18.59	93
150	3.56	7	63.32	255	17.13	93
200	2.11	8	7.58	37	8.69	93
250	3.75	9	13.56	37	21.87	120
300	5.8	9	20.9	37	37.96	120
350	6.28	9	23.66	43	50.92	120
400	6.68	9	25.18	41	60.78	120
450	6.82	9	25.86	41	66.74	120
500	7.04	9	26.58	41	70.9	120
550	6.99	9	26.86	57	74.92	120
600	6.95	9	26.54	57	76.99	120
650	6.92	9	26.54	57	78.3	120
700	6.97	9	26.62	57	80.41	120
750	6.93	9	26.62	57	82.4	120
800	6.97	9	26.7	57	84.07	146
850	6.88	9	26.44	57	87.02	146
900	6.9	9	26.22	57	87.83	146
950	6.9	9	26.28	57	88.29	146
1000	6.76	9	25.5	57	90.07	146
1050	6.71	9	25.22	57	90.64	146
1100	6.72	9	25.62	57	90.6	146
1150	6.71	9	25.1	57	92.05	146
1200	6.76	9	25.26	57	92.35	146
1250	6.76	9	25.24	57	93.64	154
1300	6.83	9	25.54	57	95.22	154
1350	6.79	9	25.28	57	95.56	154
1400	6.69	9	24.56	49	96.73	154
1450	6.71	9	25.1	49	98.4	154
1500	6.56	9	24.24	49	98.14	154
1550	6.57	9	24.2	49	99.33	154
1600	6.45	9	23.64	49	99.9	154
1650	6.44	9	23.48	49	100.26	154
1700	6.41	9	23.4	49	101.38	154
1750	6.43	9	23.4	49	102.14	154
1800	6.48	9	23.36	49	102.32	154
1850	6.25	9	22.18	49	103.86	166
1900	6.03	9	21.2	49	104.26	166
1950	5.97	9	20.7	49	104.88	166
2000	6.0	9	20.9	49	105.3	166
