2.580645161290322509e-01 5.161290322580645018e-01 9.838709677419354982e-01 7.580645161290322509e-01 8.870967741935483764e-01 3.709677419354838745e-01 5.000000000000000000e-01 9.032258064516128782e-01 1.000000000000000000e+00 9.354838709677419928e-01
1.000000000000000000e+00 8.064516129032257563e-01 4.838709677419354982e-01 9.838709677419354982e-01 9.193548387096773800e-01 8.870967741935483764e-01 1.774193548387096309e-01 9.516129032258064946e-01 2.580645161290322509e-01 1.000000000000000000e+00
6.612903225806452401e-01 6.774193548387097419e-01 7.258064516129032473e-01 7.419354838709677491e-01 6.290322580645161255e-01 7.580645161290322509e-01 6.935483870967742437e-01 5.806451612903225090e-01 1.000000000000000000e+00 1.000000000000000000e+00
8.709677419354838745e-01 7.580645161290322509e-01 9.677419354838709964e-01 9.677419354838709964e-01 8.387096774193548709e-01 3.064516129032257563e-01 9.032258064516128782e-01 1.000000000000000000e+00 1.000000000000000000e+00 1.000000000000000000e+00
9.032258064516128782e-01 9.193548387096773800e-01 9.677419354838709964e-01 8.225806451612902581e-01 7.741935483870967527e-01 9.516129032258064946e-01 1.000000000000000000e+00 1.000000000000000000e+00 1.000000000000000000e+00 1.000000000000000000e+00
4.193548387096773800e-01 5.322580645161290036e-01 1.000000000000000000e+00 8.870967741935483764e-01 8.709677419354838745e-01 1.000000000000000000e+00 1.000000000000000000e+00 1.000000000000000000e+00 1.000000000000000000e+00 1.000000000000000000e+00
5.322580645161290036e-01 8.387096774193548709e-01 9.838709677419354982e-01 5.322580645161290036e-01 1.000000000000000000e+00 1.000000000000000000e+00 1.000000000000000000e+00 1.000000000000000000e+00 1.000000000000000000e+00 1.000000000000000000e+00
6.935483870967742437e-01 1.451612903225806273e-01 0.000000000000000000e+00 1.000000000000000000e+00 1.000000000000000000e+00 1.000000000000000000e+00 1.000000000000000000e+00 1.000000000000000000e+00 1.000000000000000000e+00 1.000000000000000000e+00
6.935483870967742437e-01 7.096774193548387455e-01 1.000000000000000000e+00 1.000000000000000000e+00 1.000000000000000000e+00 1.000000000000000000e+00 1.000000000000000000e+00 1.000000000000000000e+00 1.000000000000000000e+00 1.000000000000000000e+00
3.870967741935483764e-01 1.000000000000000000e+00 1.000000000000000000e+00 1.000000000000000000e+00 1.000000000000000000e+00 1.000000000000000000e+00 1.000000000000000000e+00 1.000000000000000000e+00 1.000000000000000000e+00 1.000000000000000000e+00
