35
20
m 0 19
1 34 0
2 34 0
3 34 0
w 1 1
w 2 1
w 3 1
w 4 1
w 5 1
w 6 1
w 7 1
w 8 1
w 9 1
w 10 1
w 11 1
w 13 1
w 14 1
w 15 1
w 16 1
w 17 1
w 18 1
w 19 1
w 20 1
w 21 1
w 23 1
w 24 1
w 25 1
w 26 1
w 27 1
w 28 1
w 29 1
w 30 1
w 31 1
w 32 1
w 33 1
w 1 2
w 2 2
w 3 2
w 4 2
w 5 2
w 6 2
w 7 2
w 8 2
w 9 2
w 10 2
w 11 2
w 13 2
w 14 2
w 15 2
w 16 2
w 17 2
w 18 2
w 19 2
w 20 2
w 21 2
w 23 2
w 24 2
w 25 2
w 26 2
w 27 2
w 28 2
w 29 2
w 30 2
w 31 2
w 32 2
w 33 2
w 13 3
w 14 3
w 15 3
w 16 3
w 17 3
w 18 3
w 19 3
w 20 3
w 21 3
w 1 4
w 2 4
w 4 4
w 5 4
w 6 4
w 7 4
w 8 4
w 9 4
w 11 4
w 13 4
w 14 4
w 15 4
w 16 4
w 17 4
w 18 4
w 19 4
w 20 4
w 21 4
w 23 4
w 25 4
w 26 4
w 27 4
w 28 4
w 29 4
w 30 4
w 32 4
w 33 4
w 1 5
w 2 5
w 4 5
w 5 5
w 6 5
w 7 5
w 8 5
w 9 5
w 13 5
w 14 5
w 15 5
w 16 5
w 17 5
w 18 5
w 19 5
w 20 5
w 21 5
w 25 5
w 26 5
w 27 5
w 28 5
w 29 5
w 30 5
w 32 5
w 33 5
w 1 6
w 2 6
w 4 6
w 5 6
w 6 6
w 7 6
w 8 6
w 9 6
w 11 6
w 13 6
w 14 6
w 15 6
w 16 6
w 17 6
w 18 6
w 19 6
w 20 6
w 21 6
w 23 6
w 25 6
w 26 6
w 27 6
w 28 6
w 29 6
w 30 6
w 32 6
w 33 6
w 2 7
w 4 7
w 5 7
w 6 7
w 7 7
w 8 7
w 9 7
w 11 7
w 13 7
w 14 7
w 15 7
w 16 7
w 17 7
w 18 7
w 19 7
w 20 7
w 21 7
w 23 7
w 25 7
w 26 7
w 27 7
w 28 7
w 29 7
w 30 7
w 32 7
w 0 8
w 2 8
w 4 8
w 5 8
w 6 8
w 7 8
w 8 8
w 9 8
w 25 8
w 26 8
w 27 8
w 28 8
w 29 8
w 30 8
w 32 8
w 34 8
w 0 9
w 4 9
w 5 9
w 6 9
w 7 9
w 8 9
w 9 9
w 10 9
w 11 9
w 13 9
w 14 9
w 16 9
w 17 9
w 18 9
w 20 9
w 21 9
w 23 9
w 24 9
w 25 9
w 26 9
w 27 9
w 28 9
w 29 9
w 30 9
w 34 9
w 0 10
w 2 10
w 3 10
w 4 10
w 5 10
w 6 10
w 7 10
w 8 10
w 9 10
w 10 10
w 11 10
w 13 10
w 14 10
w 16 10
w 17 10
w 18 10
w 20 10
w 21 10
w 23 10
w 24 10
w 25 10
w 26 10
w 27 10
w 28 10
w 29 10
w 30 10
w 31 10
w 32 10
w 34 10
w 0 11
w 2 11
w 3 11
w 4 11
w 5 11
w 6 11
w 7 11
w 8 11
w 9 11
w 10 11
w 11 11
w 13 11
w 14 11
w 16 11
w 17 11
w 18 11
w 20 11
w 21 11
w 23 11
w 24 11
w 25 11
w 26 11
w 27 11
w 28 11
w 29 11
w 30 11
w 31 11
w 32 11
w 34 11
w 8 12
w 9 12
w 10 12
w 11 12
w 16 12
w 17 12
w 18 12
w 23 12
w 24 12
w 25 12
w 26 12
w 1 13
w 2 13
w 3 13
w 4 13
w 5 13
w 6 13
w 8 13
w 9 13
w 10 13
w 11 13
w 13 13
w 14 13
w 15 13
w 16 13
w 17 13
w 18 13
w 19 13
w 20 13
w 21 13
w 23 13
w 24 13
w 25 13
w 26 13
w 28 13
w 29 13
w 30 13
w 31 13
w 32 13
w 33 13
w 1 14
w 2 14
w 3 14
w 4 14
w 5 14
w 6 14
w 8 14
w 9 14
w 10 14
w 11 14
w 17 14
w 23 14
w 24 14
w 25 14
w 26 14
w 28 14
w 29 14
w 30 14
w 31 14
w 32 14
w 33 14
w 1 15
w 2 15
w 3 15
w 4 15
w 5 15
w 6 15
w 8 15
w 9 15
w 10 15
w 11 15
w 13 15
w 15 15
w 17 15
w 19 15
w 21 15
w 23 15
w 24 15
w 25 15
w 26 15
w 28 15
w 29 15
w 30 15
w 31 15
w 32 15
w 33 15
w 1 16
w 2 16
w 9 16
w 10 16
w 11 16
w 13 16
w 15 16
w 17 16
w 19 16
w 21 16
w 23 16
w 24 16
w 25 16
w 32 16
w 33 16
w 1 17
w 2 17
w 4 17
w 5 17
w 6 17
w 7 17
w 9 17
w 10 17
w 11 17
w 23 17
w 24 17
w 25 17
w 27 17
w 28 17
w 29 17
w 30 17
w 32 17
w 33 17
w 1 18
w 2 18
w 4 18
w 5 18
w 6 18
w 7 18
w 9 18
w 10 18
w 11 18
w 12 18
w 13 18
w 15 18
w 17 18
w 19 18
w 21 18
w 22 18
w 23 18
w 24 18
w 25 18
w 27 18
w 28 18
w 29 18
w 30 18
w 32 18
w 33 18
w 4 19
w 5 19
w 6 19
w 7 19
w 27 19
w 28 19
w 29 19
w 30 19
p 3 0
p 4 0
p 5 0
p 7 0
p 8 0
p 9 0
p 10 0
p 11 0
p 13 0
p 16 0
p 17 0
p 18 0
p 19 0
p 20 0
p 23 0
p 25 0
p 27 0
p 30 0
p 32 0
p 33 0
p 0 1
p 22 1
p 0 2
p 0 3
p 2 3
p 5 3
p 6 3
p 10 3
p 11 3
p 12 3
p 22 3
p 26 3
p 27 3
p 34 3
p 3 4
p 22 4
p 34 4
p 0 5
p 10 5
p 22 5
p 23 5
p 24 5
p 31 5
p 34 5
p 3 6
p 12 6
p 34 7
p 16 8
p 17 8
p 20 8
p 21 8
p 22 8
p 31 8
p 33 8
p 2 9
p 12 9
p 19 9
p 22 9
p 31 9
p 32 9
p 1 10
p 12 10
p 15 10
p 22 10
p 15 11
p 19 11
p 33 11
p 0 12
p 1 12
p 3 12
p 7 12
p 12 12
p 28 12
p 30 12
p 0 13
p 22 13
p 34 13
p 7 14
p 12 14
p 13 14
p 16 14
p 18 14
p 19 14
p 20 14
p 27 14
p 0 15
p 14 15
p 18 15
p 22 15
p 27 15
p 0 16
p 8 16
p 12 16
p 16 16
p 22 16
p 29 16
p 30 16
p 31 16
p 34 16
p 0 17
p 8 17
p 12 17
p 13 17
p 14 17
p 15 17
p 16 17
p 17 17
p 22 17
p 31 17
p 34 17
p 0 18
p 8 18
p 14 18
p 16 18
p 18 18
p 26 18
p 31 18
p 34 18
p 1 19
p 2 19
p 3 19
p 10 19
p 11 19
p 15 19
p 16 19
p 20 19
p 21 19
p 24 19
p 25 19
p 26 19
p 31 19
p 33 19
t 1400 0
m 1 19
1 34 1
2 34 1
3 34 1
t 1399 0
m 2 19
1 34 2
2 34 2
3 34 2
t 1398 1
m 3 19
1 34 3
2 34 3
3 34 3
t 1397 2
m 3 19
1 34 4
2 34 4
3 34 4
t 1396 2
m 3 18
1 34 5
2 34 5
3 34 5
t 1395 2
m 3 17
1 34 6
2 34 6
3 34 6
t 1394 2
m 3 18
1 34 7
2 34 7
3 34 7
t 1393 2
m 3 18
1 33 7
2 33 7
3 33 7
t 1392 2
m 3 18
1 33 8
2 33 8
3 33 8
t 1391 2
m 3 18
1 33 9
2 33 9
3 33 9
t 1390 2
m 3 17
1 33 10
2 33 10
3 33 10
t 1389 2
m 3 17
1 33 11
2 33 11
3 33 11
t 1388 2
m 3 17
1 33 12
2 33 12
3 33 12
t 1387 2
m 3 16
1 32 12
2 32 12
3 32 12
t 1386 2
m 3 16
1 31 12
2 31 12
3 31 12
t 1385 2
m 3 16
1 30 12
2 30 12
3 30 12
t 1384 2
m 3 17
1 29 12
2 29 12
3 29 12
t 1383 2
m 3 16
1 28 12
2 28 12
3 28 12
t 1382 2
m 4 16
1 27 12
2 27 12
3 27 12
t 1381 2
m 3 16
1 27 13
2 27 13
3 27 13
t 1380 2
m 3 17
1 27 14
2 27 14
3 27 14
t 1379 2
m 3 17
1 27 15
2 27 15
3 27 15
t 1378 2
m 3 17
1 27 16
2 27 16
3 27 16
t 1377 2
m 3 17
1 26 16
2 26 16
3 26 16
t 1376 2
m 3 17
1 26 17
2 26 17
3 26 17
t 1375 2
m 3 18
1 26 18
2 26 18
3 26 18
t 1374 2
m 3 17
1 26 19
2 26 19
3 26 19
t 1373 2
m 3 16
1 26 18
2 26 18
3 26 18
t 1372 2
m 3 17
1 26 17
2 26 17
3 26 17
t 1371 2
m 3 18
1 26 18
2 26 18
3 26 18
t 1370 2
m 3 17
1 26 19
2 26 19
3 26 19
t 1369 2
m 3 17
1 26 18
2 26 18
3 26 18
t 1368 2
m 3 16
1 26 17
2 26 17
3 26 17
t 1367 2
m 3 17
1 26 16
2 26 16
3 26 16
t 1366 2
m 3 18
1 26 17
2 26 17
3 26 17
t 1365 2
m 3 18
1 26 18
2 26 18
3 26 18
t 1364 2
m 3 18
1 26 19
2 26 19
3 26 19
t 1363 2
m 3 17
1 26 18
2 26 18
3 26 18
t 1362 2
m 3 16
1 26 17
2 26 17
3 26 17
t 1361 2
m 3 16
1 26 16
2 26 16
3 26 16
t 1360 2
m 3 17
1 26 17
2 26 17
3 26 17
t 1359 2
m 3 18
1 26 18
2 26 18
3 26 18
t 1358 2
m 3 17
1 26 19
2 26 19
3 26 19
t 1357 2
m 3 18
1 26 18
2 26 18
3 26 18
t 1356 2
m 3 17
1 26 19
2 26 19
3 26 19
t 1355 2
m 3 16
1 26 18
2 26 18
3 26 18
t 1354 2
m 3 16
1 26 17
2 26 17
3 26 17
t 1353 2
m 3 16
1 26 16
2 26 16
3 26 16
t 1352 2
m 4 16
1 26 17
2 26 17
3 26 17
t 1351 2
m 3 16
1 26 16
2 26 16
3 26 16
t 1350 2
m 4 16
1 26 17
2 26 17
3 26 17
t 1349 2
m 3 16
1 26 16
2 26 16
3 26 16
t 1348 2
m 3 16
1 26 17
2 26 17
3 26 17
t 1347 2
m 4 16
1 26 16
2 26 16
3 26 16
t 1346 2
m 3 16
1 26 17
2 26 17
3 26 17
t 1345 2
m 4 16
1 26 16
2 26 16
3 26 16
t 1344 2
m 5 16
1 26 17
2 26 17
3 26 17
t 1343 2
m 6 16
1 26 16
2 26 16
3 26 16
t 1342 2
m 7 16
1 26 17
2 26 17
3 26 17
t 1341 2
m 8 16
1 26 16
2 26 16
3 26 16
t 1340 3
m 8 17
1 26 17
2 26 17
3 26 17
t 1339 3
m 8 18
1 26 18
2 26 18
3 26 18
t 1338 4
m 8 19
1 26 19
2 26 19
3 26 19
t 1337 4
m 9 19
1 25 19
2 25 19
3 25 19
t 1336 4
m 10 19
1 24 19
2 24 19
3 24 19
t 1335 5
m 11 19
1 23 19
2 23 19
3 23 19
t 1334 6
m 11 19
1 22 19
2 22 19
3 22 19
t 1333 6
m 11 19
1 21 19
2 21 19
3 21 19
t 1332 6
m 10 19
1 20 19
2 20 19
3 20 19
t 1331 6
m 10 19
1 19 19
2 19 19
3 19 19
t 1330 6
m 10 19
1 18 19
2 18 19
3 18 19
t 1329 6
m 11 19
1 17 19
2 17 19
3 17 19
t 1328 6
m 11 19
1 16 19
2 16 19
3 16 19
t 1327 6
m 10 19
1 15 19
2 15 19
3 15 19
f 15 0
t 1326 6
m 11 19
1 14 19
2 14 19
3 14 19
t 1325 6
m 12 19
1 13 19
2 13 19
3 13 19
t 1324 6
m 13 19
1 14 19
2 14 19
3 14 19
t 1323 6
m 14 19
1 14 18
2 14 18
3 14 18
t 1322 6
m 15 19
1 14 17
2 14 17
3 14 17
t 1321 6
m 16 19
1 14 18
2 14 18
3 14 18
t 1320 7
m 16 18
1 14 19
2 14 19
3 14 19
t 1319 8
m 16 17
1 13 19
2 13 19
3 13 19
t 1318 9
m 17 17
1 12 19
2 12 19
3 12 19
t 1317 9
m 16 17
1 11 19
2 11 19
3 11 19
t 1316 9
m 15 17
1 10 19
2 10 19
3 10 19
t 1315 10
m 14 17
1 9 19
2 9 19
3 9 19
t 1314 11
m 13 17
1 8 19
2 8 19
3 8 19
t 1313 12
m 12 17
1 8 18
2 8 18
3 8 18
t 1312 12
m 12 16
1 8 19
2 8 19
3 8 19
t 1311 13
m 12 15
1 8 18
2 8 18
3 8 18
t 1310 13
m 12 14
1 8 19
2 8 19
3 8 19
t 1309 14
m 13 14
1 8 18
2 8 18
3 8 18
t 1308 15
m 14 14
1 8 19
2 8 19
3 8 19
t 1307 15
m 14 15
1 8 18
2 8 18
3 8 18
t 1306 15
m 14 15
1 8 19
2 8 19
3 8 19
t 1305 15
m 14 14
1 8 18
2 8 18
3 8 18
t 1304 15
m 15 14
1 8 19
2 8 19
3 8 19
t 1303 15
m 16 14
1 8 18
2 8 18
3 8 18
t 1302 16
m 16 15
1 8 19
2 8 19
3 8 19
t 1301 16
m 16 16
1 8 18
2 8 18
3 8 18
t 1300 17
m 16 15
1 8 19
2 8 19
3 8 19
t 1299 17
m 16 14
1 8 18
2 8 18
3 8 18
t 1298 17
m 16 15
1 8 19
2 8 19
3 8 19
t 1297 17
m 16 14
1 8 18
2 8 18
3 8 18
t 1296 17
m 16 15
1 8 19
2 8 19
3 8 19
t 1295 17
m 16 16
1 8 18
2 8 18
3 8 18
t 1294 17
m 16 15
1 8 19
2 8 19
3 8 19
t 1293 17
m 16 16
1 8 18
2 8 18
3 8 18
t 1292 17
m 16 15
1 8 19
2 8 19
3 8 19
t 1291 17
m 16 14
1 8 18
2 8 18
3 8 18
t 1290 17
m 16 14
1 8 19
2 8 19
3 8 19
t 1289 17
m 16 15
1 8 18
2 8 18
3 8 18
t 1288 17
m 16 14
1 8 19
2 8 19
3 8 19
t 1287 17
m 16 15
1 8 18
2 8 18
3 8 18
t 1286 17
m 16 14
1 8 19
2 8 19
3 8 19
t 1285 17
m 15 14
1 8 18
2 8 18
3 8 18
t 1284 17
m 16 14
1 8 19
2 8 19
3 8 19
t 1283 17
m 16 14
1 8 18
2 8 18
3 8 18
t 1282 17
m 16 14
1 8 19
2 8 19
3 8 19
t 1281 17
m 16 14
1 8 18
2 8 18
3 8 18
t 1280 17
m 16 14
1 8 19
2 8 19
3 8 19
t 1279 17
m 16 14
1 8 18
2 8 18
3 8 18
t 1278 17
m 16 15
1 8 19
2 8 19
3 8 19
t 1277 17
m 16 14
1 8 18
2 8 18
3 8 18
t 1276 17
m 15 14
1 8 19
2 8 19
3 8 19
t 1275 17
m 15 14
1 8 18
2 8 18
3 8 18
t 1274 17
m 16 14
1 8 19
2 8 19
3 8 19
t 1273 17
m 15 14
1 8 18
2 8 18
3 8 18
t 1272 17
m 14 14
1 8 19
2 8 19
3 8 19
t 1271 17
m 13 14
1 8 18
2 8 18
3 8 18
t 1270 17
m 13 14
1 8 19
2 8 19
3 8 19
t 1269 17
m 12 14
1 8 18
2 8 18
3 8 18
t 1268 17
m 12 13
1 8 19
2 8 19
3 8 19
t 1267 17
m 12 12
1 8 18
2 8 18
3 8 18
t 1266 18
m 12 11
1 8 19
2 8 19
3 8 19
t 1265 18
m 12 10
1 8 18
2 8 18
3 8 18
t 1264 18
m 12 9
1 8 19
2 8 19
3 8 19
t 1263 19
m 12 8
1 8 18
2 8 18
3 8 18
t 1262 19
m 12 7
1 8 19
2 8 19
3 8 19
t 1261 19
m 12 6
1 8 18
2 8 18
3 8 18
t 1260 20
m 12 5
1 8 19
2 8 19
3 8 19
t 1259 20
m 12 4
1 8 18
2 8 18
3 8 18
t 1258 20
m 12 3
1 8 19
2 8 19
3 8 19
t 1257 21
m 11 3
1 8 18
2 8 18
3 8 18
t 1256 21
m 10 3
1 8 19
2 8 19
3 8 19
t 1255 22
m 10 4
1 8 18
2 8 18
3 8 18
t 1254 22
m 10 5
1 8 19
2 8 19
3 8 19
t 1253 23
m 11 5
1 8 18
2 8 18
3 8 18
t 1252 23
m 10 5
1 8 19
2 8 19
3 8 19
t 1251 23
m 10 4
1 8 18
2 8 18
3 8 18
t 1250 23
m 10 3
1 8 19
2 8 19
3 8 19
t 1249 23
m 10 3
1 8 18
2 8 18
3 8 18
t 1248 23
m 10 3
1 8 19
2 8 19
3 8 19
t 1247 23
m 9 3
1 8 18
2 8 18
3 8 18
t 1246 23
m 8 3
1 8 19
2 8 19
3 8 19
t 1245 23
m 7 3
1 8 18
2 8 18
3 8 18
t 1244 23
m 6 3
1 8 19
2 8 19
3 8 19
t 1243 24
m 5 3
1 8 18
2 8 18
3 8 18
t 1242 25
m 6 3
1 8 19
2 8 19
3 8 19
t 1241 25
m 7 3
1 8 18
2 8 18
3 8 18
t 1240 25
m 8 3
1 8 19
2 8 19
3 8 19
t 1239 25
m 9 3
1 8 18
2 8 18
3 8 18
t 1238 25
m 10 3
1 8 19
2 8 19
3 8 19
t 1237 25
m 10 3
1 8 18
2 8 18
3 8 18
t 1236 25
m 11 3
1 8 19
2 8 19
3 8 19
t 1235 25
m 11 3
1 8 18
2 8 18
3 8 18
t 1234 25
m 10 3
1 8 19
2 8 19
3 8 19
t 1233 25
m 11 3
1 8 18
2 8 18
3 8 18
t 1232 25
m 12 3
1 8 19
2 8 19
3 8 19
t 1231 25
m 12 3
1 8 18
2 8 18
3 8 18
t 1230 25
m 12 2
1 8 19
2 8 19
3 8 19
t 1229 25
m 12 1
1 8 18
2 8 18
3 8 18
t 1228 25
m 12 0
1 8 19
2 8 19
3 8 19
t 1227 25
m 13 0
1 8 18
2 8 18
3 8 18
t 1226 25
m 14 0
1 8 19
2 8 19
3 8 19
t 1225 25
m 15 0
1 8 18
2 8 18
3 8 18
t 1224 35
m 16 0
1 8 17
2 8 17
3 8 17
t 1223 36
m 17 0
1 8 16
2 8 16
3 8 16
t 1222 37
m 18 0
1 8 17
2 8 17
3 8 17
t 1221 38
m 19 0
1 8 16
2 8 16
3 8 16
t 1220 38
m 20 0
1 8 17
2 8 17
3 8 17
t 1219 39
m 20 0
1 8 16
2 8 16
3 8 16
t 1218 39
m 21 0
1 8 17
2 8 17
3 8 17
t 1217 39
m 22 0
1 8 16
2 8 16
3 8 16
t 1216 39
m 23 0
1 8 17
2 8 17
3 8 17
t 1215 40
m 24 0
1 8 16
2 8 16
3 8 16
t 1214 40
m 25 0
1 8 17
2 8 17
3 8 17
t 1213 41
m 26 0
1 8 16
2 8 16
3 8 16
t 1212 41
m 27 0
1 8 17
2 8 17
3 8 17
t 1211 41
m 27 0
1 8 16
2 8 16
3 8 16
t 1210 41
m 28 0
1 8 17
2 8 17
3 8 17
t 1209 41
m 29 0
1 8 16
2 8 16
3 8 16
t 1208 41
m 30 0
1 8 17
2 8 17
3 8 17
t 1207 42
m 31 0
1 8 16
2 8 16
3 8 16
t 1206 42
m 32 0
1 8 17
2 8 17
3 8 17
t 1205 43
m 33 0
1 8 16
2 8 16
3 8 16
t 1204 44
m 34 0
1 8 17
2 8 17
3 8 17
t 1203 44
m 34 0
1 8 16
2 8 16
3 8 16
t 1202 44
m 34 0
1 8 17
2 8 17
3 8 17
t 1201 44
m 34 1
1 8 16
2 8 16
3 8 16
t 1200 44
m 34 2
1 8 17
2 8 17
3 8 17
t 1199 44
m 34 3
1 8 16
2 8 16
3 8 16
t 1198 44
m 34 4
1 8 17
2 8 17
3 8 17
t 1197 45
m 34 5
1 8 16
2 8 16
3 8 16
t 1196 46
m 34 6
1 8 17
2 8 17
3 8 17
t 1195 46
m 34 7
1 8 16
2 8 16
3 8 16
t 1194 47
m 33 7
1 8 17
2 8 17
3 8 17
t 1193 47
m 33 8
1 8 16
2 8 16
3 8 16
t 1192 47
m 33 9
1 8 17
2 8 17
3 8 17
t 1191 47
m 32 9
1 8 16
2 8 16
3 8 16
t 1190 48
m 31 9
1 8 17
2 8 17
3 8 17
t 1189 49
m 31 8
1 8 16
2 8 16
3 8 16
t 1188 50
m 31 7
1 8 17
2 8 17
3 8 17
t 1187 50
m 31 6
1 8 16
2 8 16
3 8 16
t 1186 50
m 31 5
1 8 17
2 8 17
3 8 17
t 1185 50
m 31 5
1 8 16
2 8 16
3 8 16
t 1184 50
m 31 4
1 8 17
2 8 17
3 8 17
t 1183 50
m 31 5
1 8 16
2 8 16
3 8 16
t 1182 50
m 31 6
1 8 17
2 8 17
3 8 17
t 1181 50
m 31 6
1 8 16
2 8 16
3 8 16
t 1180 50
m 31 6
1 8 17
2 8 17
3 8 17
t 1179 50
m 31 6
1 8 16
2 8 16
3 8 16
t 1178 50
m 31 5
1 8 17
2 8 17
3 8 17
t 1177 50
m 31 4
1 8 16
2 8 16
3 8 16
t 1176 50
m 31 3
1 8 17
2 8 17
3 8 17
t 1175 50
m 31 3
1 8 16
2 8 16
3 8 16
t 1174 50
m 32 3
1 8 17
2 8 17
3 8 17
t 1173 50
m 33 3
1 8 16
2 8 16
3 8 16
t 1172 50
m 32 3
1 8 17
2 8 17
3 8 17
t 1171 50
m 31 3
1 8 16
2 8 16
3 8 16
t 1170 50
m 30 3
1 8 17
2 8 17
3 8 17
t 1169 50
m 31 3
1 8 16
2 8 16
3 8 16
t 1168 50
m 31 3
1 8 17
2 8 17
3 8 17
t 1167 50
m 31 4
1 8 16
2 8 16
3 8 16
t 1166 50
m 31 3
1 8 17
2 8 17
3 8 17
t 1165 50
m 30 3
1 8 16
2 8 16
3 8 16
t 1164 50
m 31 3
1 8 17
2 8 17
3 8 17
t 1163 50
m 30 3
1 8 16
2 8 16
3 8 16
t 1162 50
m 29 3
1 8 17
2 8 17
3 8 17
t 1161 50
m 28 3
1 8 16
2 8 16
3 8 16
t 1160 50
m 27 3
1 8 17
2 8 17
3 8 17
t 1159 51
m 26 3
1 8 16
2 8 16
3 8 16
t 1158 52
m 25 3
1 8 17
2 8 17
3 8 17
t 1157 52
m 25 3
1 8 16
2 8 16
3 8 16
t 1156 52
m 24 3
1 8 17
2 8 17
3 8 17
t 1155 52
m 24 4
1 8 16
2 8 16
3 8 16
t 1154 52
m 24 5
1 8 17
2 8 17
3 8 17
t 1153 53
m 23 5
1 8 16
2 8 16
3 8 16
t 1152 53
m 22 5
1 8 17
2 8 17
3 8 17
t 1151 54
m 22 4
1 8 16
2 8 16
3 8 16
t 1150 55
m 22 3
1 8 17
2 8 17
3 8 17
t 1149 56
m 22 2
1 8 16
2 8 16
3 8 16
t 1148 56
m 22 1
1 8 17
2 8 17
3 8 17
t 1147 56
m 22 1
1 8 16
2 8 16
3 8 16
t 1146 56
m 22 1
1 8 17
2 8 17
3 8 17
t 1145 56
m 22 2
1 8 16
2 8 16
3 8 16
t 1144 56
m 22 3
1 8 17
2 8 17
3 8 17
t 1143 56
m 22 2
1 8 16
2 8 16
3 8 16
t 1142 56
m 22 1
1 8 17
2 8 17
3 8 17
t 1141 56
m 22 2
1 8 16
2 8 16
3 8 16
t 1140 56
m 22 2
1 8 17
2 8 17
3 8 17
t 1139 56
m 22 3
1 8 16
2 8 16
3 8 16
t 1138 56
m 23 3
1 8 17
2 8 17
3 8 17
t 1137 56
m 23 3
1 8 16
2 8 16
3 8 16
t 1136 56
m 24 3
1 8 17
2 8 17
3 8 17
t 1135 56
m 23 3
1 8 16
2 8 16
3 8 16
t 1134 56
m 23 3
1 8 17
2 8 17
3 8 17
t 1133 56
m 22 3
1 8 16
2 8 16
3 8 16
t 1132 56
m 22 4
1 8 17
2 8 17
3 8 17
t 1131 56
m 22 4
1 8 16
2 8 16
3 8 16
t 1130 56
m 22 5
1 8 17
2 8 17
3 8 17
t 1129 56
m 22 6
1 8 16
2 8 16
3 8 16
t 1128 56
m 22 7
1 8 17
2 8 17
3 8 17
t 1127 56
m 22 8
1 8 16
2 8 16
3 8 16
t 1126 57
m 22 9
1 8 17
2 8 17
3 8 17
t 1125 58
m 22 10
1 8 16
2 8 16
3 8 16
t 1124 59
m 22 9
1 8 17
2 8 17
3 8 17
t 1123 59
m 22 8
1 8 16
2 8 16
3 8 16
t 1122 59
m 21 8
1 8 17
2 8 17
3 8 17
t 1121 60
m 20 8
1 8 16
2 8 16
3 8 16
t 1120 60
m 19 8
1 8 17
2 8 17
3 8 17
t 1119 60
m 19 9
1 8 16
2 8 16
3 8 16
t 1118 61
m 19 10
1 8 17
2 8 17
3 8 17
t 1117 61
m 19 11
1 8 16
2 8 16
3 8 16
t 1116 62
m 19 12
1 8 17
2 8 17
3 8 17
t 1115 62
m 20 12
1 8 16
2 8 16
3 8 16
t 1114 62
m 19 12
1 8 17
2 8 17
3 8 17
t 1113 62
m 19 12
1 8 16
2 8 16
3 8 16
t 1112 62
m 19 12
1 8 17
2 8 17
3 8 17
t 1111 62
m 19 12
1 8 16
2 8 16
3 8 16
t 1110 62
m 20 12
1 8 17
2 8 17
3 8 17
t 1109 62
m 21 12
1 8 16
2 8 16
3 8 16
f 22 2
t 1108 62
m 22 12
1 8 17
2 8 17
3 8 17
t 1107 62
m 22 13
1 8 18
2 8 18
3 8 18
t 1106 63
m 22 14
1 8 19
2 8 19
3 8 19
t 1105 63
m 22 15
1 8 18
2 8 18
3 8 18
t 1104 63
m 22 16
1 8 19
2 8 19
3 8 19
t 1103 64
m 22 17
1 8 18
2 8 18
3 8 18
t 1102 65
m 21 17
1 8 19
2 8 19
3 8 19
t 1101 65
m 21 17
1 8 18
2 8 18
3 8 18
t 1100 65
m 20 17
1 8 19
2 8 19
3 8 19
t 1099 65
m 20 18
1 8 18
2 8 18
3 8 18
t 1098 65
m 20 19
1 8 19
2 8 19
3 8 19
t 1097 66
m 21 19
1 9 19
2 9 19
3 9 19
t 1096 66
m 21 19
1 8 19
2 8 19
3 8 19
t 1095 66
m 20 19
1 9 19
2 9 19
3 9 19
t 1094 66
m 20 19
1 8 19
2 8 19
3 8 19
t 1093 66
m 20 18
1 9 19
2 9 19
3 9 19
t 1092 66
m 20 18
1 8 19
2 8 19
3 8 19
t 1091 66
m 20 18
1 8 18
2 8 18
3 8 18
t 1090 66
m 20 18
1 8 19
2 8 19
3 8 19
t 1089 66
m 20 17
1 8 18
2 8 18
3 8 18
t 1088 66
m 19 17
1 8 19
2 8 19
3 8 19
t 1087 66
m 18 17
1 8 18
2 8 18
3 8 18
t 1086 66
m 18 18
1 8 19
2 8 19
3 8 19
t 1085 67
m 18 17
1 8 18
2 8 18
3 8 18
t 1084 67
m 18 16
1 8 19
2 8 19
3 8 19
t 1083 67
m 18 15
1 8 18
2 8 18
3 8 18
t 1082 68
m 18 14
1 8 19
2 8 19
3 8 19
t 1081 69
m 19 14
1 8 18
2 8 18
3 8 18
t 1080 69
m 20 14
1 8 19
2 8 19
3 8 19
t 1079 70
m 19 14
1 8 18
2 8 18
3 8 18
t 1078 70
m 19 14
1 8 19
2 8 19
3 8 19
t 1077 70
m 18 14
1 8 18
2 8 18
3 8 18
t 1076 70
m 19 14
1 8 19
2 8 19
3 8 19
t 1075 70
m 20 14
1 8 18
2 8 18
3 8 18
t 1074 70
m 21 14
1 8 19
2 8 19
3 8 19
t 1073 70
m 20 14
1 8 18
2 8 18
3 8 18
t 1072 70
m 20 14
1 8 19
2 8 19
3 8 19
t 1071 70
m 20 15
1 8 18
2 8 18
3 8 18
t 1070 70
m 20 15
1 8 19
2 8 19
3 8 19
t 1069 70
m 20 15
1 8 18
2 8 18
3 8 18
t 1068 70
m 20 14
1 8 19
2 8 19
3 8 19
t 1067 70
m 20 14
1 8 18
2 8 18
3 8 18
t 1066 70
m 21 14
1 8 19
2 8 19
3 8 19
t 1065 70
m 20 14
1 8 18
2 8 18
3 8 18
t 1064 70
m 20 14
1 8 19
2 8 19
3 8 19
t 1063 70
m 20 15
1 8 18
2 8 18
3 8 18
t 1062 70
m 20 15
1 8 19
2 8 19
3 8 19
t 1061 70
m 20 15
1 8 18
2 8 18
3 8 18
t 1060 70
m 20 15
1 8 19
2 8 19
3 8 19
t 1059 70
m 20 16
1 8 18
2 8 18
3 8 18
t 1058 70
m 20 15
1 8 19
2 8 19
3 8 19
t 1057 70
m 20 14
1 8 18
2 8 18
3 8 18
t 1056 70
m 20 15
1 8 19
2 8 19
3 8 19
t 1055 70
m 20 15
1 8 18
2 8 18
3 8 18
t 1054 70
m 20 16
1 8 19
2 8 19
3 8 19
t 1053 70
m 20 15
1 8 18
2 8 18
3 8 18
t 1052 70
m 20 15
1 8 19
2 8 19
3 8 19
t 1051 70
m 20 14
1 8 18
2 8 18
3 8 18
t 1050 70
m 20 15
1 8 19
2 8 19
3 8 19
t 1049 70
m 20 15
1 8 18
2 8 18
3 8 18
t 1048 70
m 20 14
1 8 19
2 8 19
3 8 19
t 1047 70
m 20 15
1 8 18
2 8 18
3 8 18
t 1046 70
m 20 16
1 8 19
2 8 19
3 8 19
t 1045 70
m 20 17
1 8 18
2 8 18
3 8 18
t 1044 70
m 20 18
1 8 19
2 8 19
3 8 19
t 1043 70
m 20 19
1 8 18
2 8 18
3 8 18
t 1042 70
m 19 19
1 8 19
2 8 19
3 8 19
t 1041 70
m 20 19
1 9 19
2 9 19
3 9 19
t 1040 70
m 21 19
1 8 19
2 8 19
3 8 19
t 1039 70
m 20 19
1 9 19
2 9 19
3 9 19
t 1038 70
m 20 19
1 8 19
2 8 19
3 8 19
t 1037 70
m 21 19
1 9 19
2 9 19
3 9 19
t 1036 70
m 22 19
1 8 19
2 8 19
3 8 19
t 1035 70
m 23 19
1 9 19
2 9 19
3 9 19
t 1034 70
m 24 19
1 8 19
2 8 19
3 8 19
t 1033 71
m 25 19
1 9 19
2 9 19
3 9 19
t 1032 72
m 26 19
1 8 19
2 8 19
3 8 19
t 1031 72
m 26 18
1 9 19
2 9 19
3 9 19
t 1030 73
m 26 17
1 8 19
2 8 19
3 8 19
t 1029 73
m 26 16
1 8 18
2 8 18
3 8 18
t 1028 73
m 27 16
1 8 19
2 8 19
3 8 19
t 1027 73
m 27 15
1 8 18
2 8 18
3 8 18
t 1026 74
m 27 14
1 8 19
2 8 19
3 8 19
t 1025 75
m 27 13
1 8 18
2 8 18
3 8 18
t 1024 75
m 27 12
1 8 19
2 8 19
3 8 19
t 1023 75
m 28 12
1 8 18
2 8 18
3 8 18
t 1022 75
m 29 12
1 8 19
2 8 19
3 8 19
t 1021 75
m 30 12
1 8 18
2 8 18
3 8 18
t 1020 76
m 30 12
1 8 19
2 8 19
3 8 19
t 1019 76
m 29 12
1 8 18
2 8 18
3 8 18
t 1018 76
m 29 12
1 8 19
2 8 19
3 8 19
t 1017 76
m 29 12
1 8 18
2 8 18
3 8 18
t 1016 76
m 29 12
1 8 19
2 8 19
3 8 19
t 1015 76
m 29 12
1 8 18
2 8 18
3 8 18
t 1014 76
m 29 12
1 8 19
2 8 19
3 8 19
t 1013 76
m 30 12
1 8 18
2 8 18
3 8 18
t 1012 76
m 31 12
1 8 19
2 8 19
3 8 19
t 1011 76
m 32 12
1 8 18
2 8 18
3 8 18
t 1010 76
m 33 12
1 8 19
2 8 19
3 8 19
t 1009 76
m 33 11
1 8 18
2 8 18
3 8 18
t 1008 77
m 33 12
1 8 19
2 8 19
3 8 19
t 1007 77
m 33 12
1 8 18
2 8 18
3 8 18
t 1006 77
m 33 12
1 8 19
2 8 19
3 8 19
t 1005 77
m 33 11
1 8 18
2 8 18
3 8 18
t 1004 77
m 33 11
1 8 19
2 8 19
3 8 19
t 1003 77
m 33 11
1 8 18
2 8 18
3 8 18
t 1002 77
m 33 12
1 8 19
2 8 19
3 8 19
t 1001 77
m 32 12
1 8 18
2 8 18
3 8 18
t 1000 77
m 33 12
1 8 19
2 8 19
3 8 19
t 999 77
m 34 12
1 8 18
2 8 18
3 8 18
t 998 77
m 34 12
1 8 19
2 8 19
3 8 19
t 997 77
m 34 13
1 8 18
2 8 18
3 8 18
t 996 78
m 34 14
1 8 19
2 8 19
3 8 19
t 995 78
m 34 15
1 8 18
2 8 18
3 8 18
t 994 78
m 34 16
1 8 19
2 8 19
3 8 19
t 993 78
m 34 16
1 8 18
2 8 18
3 8 18
t 992 78
m 34 17
1 8 19
2 8 19
3 8 19
t 991 79
m 34 18
1 8 18
2 8 18
3 8 18
t 990 80
m 34 17
1 8 19
2 8 19
3 8 19
t 989 80
m 34 16
1 8 18
2 8 18
3 8 18
t 988 80
m 34 17
1 8 19
2 8 19
3 8 19
t 987 80
m 34 16
1 8 18
2 8 18
3 8 18
t 986 80
m 34 15
1 8 19
2 8 19
3 8 19
t 985 80
m 34 14
1 8 18
2 8 18
3 8 18
t 984 80
m 34 14
1 8 19
2 8 19
3 8 19
t 983 80
m 34 13
1 8 18
2 8 18
3 8 18
t 982 80
m 34 14
1 8 19
2 8 19
3 8 19
t 981 80
m 34 14
1 8 18
2 8 18
3 8 18
t 980 80
m 34 13
1 8 19
2 8 19
3 8 19
t 979 80
m 34 13
1 8 18
2 8 18
3 8 18
t 978 80
m 34 13
1 8 19
2 8 19
3 8 19
t 977 80
m 34 12
1 8 18
2 8 18
3 8 18
t 976 80
m 34 13
1 8 19
2 8 19
3 8 19
t 975 80
m 34 14
1 8 18
2 8 18
3 8 18
t 974 80
m 34 15
1 8 19
2 8 19
3 8 19
t 973 80
m 34 14
1 8 18
2 8 18
3 8 18
t 972 80
m 34 13
1 8 19
2 8 19
3 8 19
t 971 80
m 34 13
1 8 18
2 8 18
3 8 18
t 970 80
m 34 14
1 8 19
2 8 19
3 8 19
t 969 80
m 34 13
1 8 18
2 8 18
3 8 18
t 968 80
m 34 13
1 8 19
2 8 19
3 8 19
t 967 80
m 34 12
1 8 18
2 8 18
3 8 18
t 966 80
m 34 12
1 8 19
2 8 19
3 8 19
t 965 80
m 34 12
1 8 18
2 8 18
3 8 18
t 964 80
m 33 12
1 8 19
2 8 19
3 8 19
t 963 80
m 34 12
1 8 18
2 8 18
3 8 18
t 962 80
m 34 12
1 8 19
2 8 19
3 8 19
t 961 80
m 33 12
1 8 18
2 8 18
3 8 18
t 960 80
m 33 11
1 8 19
2 8 19
3 8 19
t 959 80
m 33 12
1 8 18
2 8 18
3 8 18
t 958 80
m 32 12
1 8 19
2 8 19
3 8 19
t 957 80
m 31 12
1 8 18
2 8 18
3 8 18
t 956 80
m 31 12
1 8 19
2 8 19
3 8 19
t 955 80
m 32 12
1 8 18
2 8 18
3 8 18
t 954 80
m 31 12
1 8 19
2 8 19
3 8 19
t 953 80
m 30 12
1 8 18
2 8 18
3 8 18
t 952 80
m 31 12
1 8 19
2 8 19
3 8 19
t 951 80
m 30 12
1 8 18
2 8 18
3 8 18
t 950 80
m 31 12
1 8 19
2 8 19
3 8 19
t 949 80
m 32 12
1 8 18
2 8 18
3 8 18
t 948 80
m 31 12
1 8 19
2 8 19
3 8 19
t 947 80
m 30 12
1 8 18
2 8 18
3 8 18
t 946 80
m 31 12
1 8 19
2 8 19
3 8 19
t 945 80
m 31 12
1 8 18
2 8 18
3 8 18
t 944 80
m 31 12
1 8 19
2 8 19
3 8 19
t 943 80
m 31 12
1 8 18
2 8 18
3 8 18
t 942 80
m 30 12
1 8 19
2 8 19
3 8 19
t 941 80
m 31 12
1 8 18
2 8 18
3 8 18
t 940 80
m 30 12
1 8 19
2 8 19
3 8 19
t 939 80
m 30 12
1 8 18
2 8 18
3 8 18
t 938 80
m 30 12
1 8 19
2 8 19
3 8 19
t 937 80
m 31 12
1 8 18
2 8 18
3 8 18
t 936 80
m 31 12
1 8 19
2 8 19
3 8 19
t 935 80
m 31 12
1 8 18
2 8 18
3 8 18
t 934 80
m 31 12
1 8 19
2 8 19
3 8 19
t 933 80
m 30 12
1 8 18
2 8 18
3 8 18
t 932 80
m 29 12
1 8 19
2 8 19
3 8 19
t 931 80
m 28 12
1 8 18
2 8 18
3 8 18
t 930 80
m 28 12
1 8 19
2 8 19
3 8 19
t 929 80
m 28 12
1 8 18
2 8 18
3 8 18
t 928 80
m 27 12
1 8 19
2 8 19
3 8 19
t 927 80
m 28 12
1 8 18
2 8 18
3 8 18
t 926 80
m 27 12
1 8 19
2 8 19
3 8 19
t 925 80
m 28 12
1 8 18
2 8 18
3 8 18
t 924 80
m 27 12
1 8 19
2 8 19
3 8 19
t 923 80
m 27 13
1 8 18
2 8 18
3 8 18
t 922 80
m 27 14
1 8 19
2 8 19
3 8 19
t 921 80
m 27 14
1 8 18
2 8 18
3 8 18
t 920 80
m 27 15
1 8 19
2 8 19
3 8 19
t 919 80
m 27 16
1 8 18
2 8 18
3 8 18
t 918 80
m 28 16
1 8 19
2 8 19
3 8 19
t 917 80
m 29 16
1 8 18
2 8 18
3 8 18
t 916 81
m 30 16
1 8 19
2 8 19
3 8 19
t 915 81
m 31 16
1 8 18
2 8 18
3 8 18
t 914 82
m 31 17
1 8 19
2 8 19
3 8 19
t 913 83
m 31 18
1 8 18
2 8 18
3 8 18
t 912 84
m 31 19
1 8 19
2 8 19
3 8 19
t 911 85
m 32 19
1 9 19
2 9 19
3 9 19
t 910 85
m 33 19
1 8 19
2 8 19
3 8 19
t 909 85
m 32 19
1 9 19
2 9 19
3 9 19
t 908 85
m 32 19
1 8 19
2 8 19
3 8 19
t 907 85
m 32 19
1 9 19
2 9 19
3 9 19
t 906 85
m 31 19
1 8 19
2 8 19
3 8 19
t 905 85
m 32 19
1 9 19
2 9 19
3 9 19
t 904 85
m 33 19
1 8 19
2 8 19
3 8 19
t 903 85
m 34 19
1 9 19
2 9 19
3 9 19
t 902 85
m 34 18
1 8 19
2 8 19
3 8 19
t 901 85
m 34 17
1 8 18
2 8 18
3 8 18
t 900 85
m 34 18
1 8 19
2 8 19
3 8 19
t 899 85
m 34 19
1 8 18
2 8 18
3 8 18
t 898 85
m 33 19
1 8 19
2 8 19
3 8 19
t 897 85
m 34 19
1 9 19
2 9 19
3 9 19
t 896 85
m 34 18
1 8 19
2 8 19
3 8 19
t 895 85
m 34 18
1 8 18
2 8 18
3 8 18
t 894 85
m 34 17
1 8 19
2 8 19
3 8 19
t 893 85
m 34 16
1 8 18
2 8 18
3 8 18
t 892 85
m 34 15
1 8 19
2 8 19
3 8 19
t 891 85
m 34 16
1 8 18
2 8 18
3 8 18
t 890 85
m 34 17
1 8 19
2 8 19
3 8 19
t 889 85
m 34 17
1 8 18
2 8 18
3 8 18
t 888 85
m 34 16
1 8 19
2 8 19
3 8 19
t 887 85
m 34 15
1 8 18
2 8 18
3 8 18
t 886 85
m 34 16
1 8 19
2 8 19
3 8 19
t 885 85
m 34 17
1 8 18
2 8 18
3 8 18
t 884 85
m 34 18
1 8 19
2 8 19
3 8 19
t 883 85
m 34 17
1 8 18
2 8 18
3 8 18
t 882 85
m 34 17
1 8 19
2 8 19
3 8 19
t 881 85
m 34 18
1 8 18
2 8 18
3 8 18
t 880 85
m 34 18
1 8 19
2 8 19
3 8 19
t 879 85
m 34 18
1 8 18
2 8 18
3 8 18
t 878 85
m 34 19
1 8 19
2 8 19
3 8 19
t 877 85
m 34 18
1 9 19
2 9 19
3 9 19
t 876 85
m 34 19
1 8 19
2 8 19
3 8 19
t 875 85
m 34 18
1 9 19
2 9 19
3 9 19
t 874 85
m 34 17
1 8 19
2 8 19
3 8 19
t 873 85
m 34 18
1 8 18
2 8 18
3 8 18
t 872 85
m 34 18
1 8 19
2 8 19
3 8 19
t 871 85
m 34 17
1 8 18
2 8 18
3 8 18
t 870 85
m 34 17
1 8 19
2 8 19
3 8 19
t 869 85
m 34 17
1 8 18
2 8 18
3 8 18
t 868 85
m 34 17
1 8 19
2 8 19
3 8 19
t 867 85
m 34 18
1 8 18
2 8 18
3 8 18
t 866 85
m 34 17
1 8 19
2 8 19
3 8 19
t 865 85
m 34 16
1 8 18
2 8 18
3 8 18
t 864 85
m 34 16
1 8 19
2 8 19
3 8 19
t 863 85
m 34 17
1 8 18
2 8 18
3 8 18
t 862 85
m 34 17
1 8 19
2 8 19
3 8 19
t 861 85
m 34 16
1 8 18
2 8 18
3 8 18
t 860 85
m 34 16
1 8 19
2 8 19
3 8 19
t 859 85
m 34 15
1 8 18
2 8 18
3 8 18
t 858 85
m 34 15
1 8 19
2 8 19
3 8 19
t 857 85
m 34 15
1 8 18
2 8 18
3 8 18
t 856 85
m 34 14
1 8 19
2 8 19
3 8 19
t 855 85
m 34 13
1 8 18
2 8 18
3 8 18
t 854 85
m 34 12
1 8 19
2 8 19
3 8 19
t 853 85
m 33 12
1 8 18
2 8 18
3 8 18
t 852 85
m 34 12
1 8 19
2 8 19
3 8 19
t 851 85
m 34 12
1 8 18
2 8 18
3 8 18
t 850 85
m 34 13
1 8 19
2 8 19
3 8 19
t 849 85
m 34 13
1 8 18
2 8 18
3 8 18
t 848 85
m 34 13
1 8 19
2 8 19
3 8 19
t 847 85
m 34 12
1 8 18
2 8 18
3 8 18
t 846 85
m 33 12
1 8 19
2 8 19
3 8 19
t 845 85
m 32 12
1 8 18
2 8 18
3 8 18
t 844 85
m 33 12
1 8 19
2 8 19
3 8 19
t 843 85
m 33 11
1 8 18
2 8 18
3 8 18
t 842 85
m 33 12
1 8 19
2 8 19
3 8 19
t 841 85
m 33 12
1 8 18
2 8 18
3 8 18
t 840 85
m 32 12
1 8 19
2 8 19
3 8 19
t 839 85
m 31 12
1 8 18
2 8 18
3 8 18
t 838 85
m 31 12
1 8 19
2 8 19
3 8 19
t 837 85
m 30 12
1 8 18
2 8 18
3 8 18
t 836 85
m 31 12
1 8 19
2 8 19
3 8 19
t 835 85
m 30 12
1 8 18
2 8 18
3 8 18
t 834 85
m 31 12
1 8 19
2 8 19
3 8 19
t 833 85
m 32 12
1 8 18
2 8 18
3 8 18
t 832 85
m 31 12
1 8 19
2 8 19
3 8 19
t 831 85
m 31 12
1 8 18
2 8 18
3 8 18
t 830 85
m 31 12
1 8 19
2 8 19
3 8 19
t 829 85
m 31 12
1 8 18
2 8 18
3 8 18
t 828 85
m 30 12
1 8 19
2 8 19
3 8 19
t 827 85
m 30 12
1 8 18
2 8 18
3 8 18
t 826 85
m 29 12
1 8 19
2 8 19
3 8 19
t 825 85
m 29 12
1 8 18
2 8 18
3 8 18
t 824 85
m 29 12
1 8 19
2 8 19
3 8 19
t 823 85
m 28 12
1 8 18
2 8 18
3 8 18
t 822 85
m 28 12
1 8 19
2 8 19
3 8 19
t 821 85
m 28 12
1 8 18
2 8 18
3 8 18
t 820 85
m 27 12
1 8 19
2 8 19
3 8 19
t 819 85
m 27 13
1 8 18
2 8 18
3 8 18
t 818 85
m 27 12
1 8 19
2 8 19
3 8 19
t 817 85
m 27 12
1 8 18
2 8 18
3 8 18
t 816 85
m 27 12
1 8 19
2 8 19
3 8 19
t 815 85
m 28 12
1 8 18
2 8 18
3 8 18
t 814 85
m 29 12
1 8 19
2 8 19
3 8 19
t 813 85
m 30 12
1 8 18
2 8 18
3 8 18
t 812 85
m 31 12
1 8 19
2 8 19
3 8 19
t 811 85
m 32 12
1 8 18
2 8 18
3 8 18
t 810 85
m 31 12
1 8 19
2 8 19
3 8 19
t 809 85
m 31 12
1 8 18
2 8 18
3 8 18
t 808 85
m 31 12
1 8 19
2 8 19
3 8 19
t 807 85
m 30 12
1 8 18
2 8 18
3 8 18
t 806 85
m 29 12
1 8 19
2 8 19
3 8 19
t 805 85
m 29 12
1 8 18
2 8 18
3 8 18
t 804 85
m 28 12
1 8 19
2 8 19
3 8 19
t 803 85
m 27 12
1 8 18
2 8 18
3 8 18
t 802 85
m 27 12
1 8 19
2 8 19
3 8 19
t 801 85
m 28 12
1 8 18
2 8 18
3 8 18
t 800 85
m 27 12
1 8 19
2 8 19
3 8 19
t 799 85
m 28 12
1 8 18
2 8 18
3 8 18
t 798 85
m 29 12
1 8 19
2 8 19
3 8 19
t 797 85
m 28 12
1 8 18
2 8 18
3 8 18
t 796 85
m 27 12
1 8 19
2 8 19
3 8 19
t 795 85
m 27 12
1 8 18
2 8 18
3 8 18
t 794 85
m 27 13
1 8 19
2 8 19
3 8 19
t 793 85
m 27 13
1 8 18
2 8 18
3 8 18
t 792 85
m 27 14
1 8 19
2 8 19
3 8 19
t 791 85
m 27 15
1 8 18
2 8 18
3 8 18
t 790 85
m 27 15
1 8 19
2 8 19
3 8 19
t 789 85
m 27 15
1 8 18
2 8 18
3 8 18
t 788 85
m 27 16
1 8 19
2 8 19
3 8 19
t 787 85
m 26 16
1 8 18
2 8 18
3 8 18
t 786 85
m 26 16
1 8 19
2 8 19
3 8 19
t 785 85
m 27 16
1 8 18
2 8 18
3 8 18
t 784 85
m 27 16
1 8 19
2 8 19
3 8 19
t 783 85
m 26 16
1 8 18
2 8 18
3 8 18
t 782 85
m 26 17
1 8 19
2 8 19
3 8 19
t 781 85
m 26 18
1 8 18
2 8 18
3 8 18
t 780 85
m 26 18
1 8 19
2 8 19
3 8 19
t 779 85
m 26 17
1 8 18
2 8 18
3 8 18
t 778 85
m 26 17
1 8 19
2 8 19
3 8 19
t 777 85
m 26 16
1 8 18
2 8 18
3 8 18
t 776 85
m 26 17
1 8 19
2 8 19
3 8 19
t 775 85
m 26 16
1 8 18
2 8 18
3 8 18
t 774 85
m 26 16
1 8 19
2 8 19
3 8 19
t 773 85
m 26 17
1 8 18
2 8 18
3 8 18
t 772 85
m 26 16
1 8 19
2 8 19
3 8 19
t 771 85
m 26 17
1 8 18
2 8 18
3 8 18
t 770 85
m 26 16
1 8 19
2 8 19
3 8 19
t 769 85
m 26 17
1 8 18
2 8 18
3 8 18
t 768 85
m 26 18
1 8 19
2 8 19
3 8 19
t 767 85
m 26 18
1 8 18
2 8 18
3 8 18
t 766 85
m 26 19
1 8 19
2 8 19
3 8 19
t 765 85
m 25 19
1 9 19
2 9 19
3 9 19
t 764 85
m 24 19
1 8 19
2 8 19
3 8 19
t 763 85
m 24 19
1 9 19
2 9 19
3 9 19
t 762 85
m 23 19
1 8 19
2 8 19
3 8 19
t 761 85
m 24 19
1 9 19
2 9 19
3 9 19
t 760 85
m 23 19
1 8 19
2 8 19
3 8 19
t 759 85
m 22 19
1 9 19
2 9 19
3 9 19
t 758 85
m 22 19
1 8 19
2 8 19
3 8 19
t 757 85
m 22 19
1 9 19
2 9 19
3 9 19
t 756 85
m 21 19
1 8 19
2 8 19
3 8 19
t 755 85
m 20 19
1 9 19
2 9 19
3 9 19
t 754 85
m 20 19
1 8 19
2 8 19
3 8 19
t 753 85
m 19 19
1 9 19
2 9 19
3 9 19
t 752 85
m 19 19
1 8 19
2 8 19
3 8 19
t 751 85
m 18 19
1 9 19
2 9 19
3 9 19
t 750 85
m 17 19
1 8 19
2 8 19
3 8 19
t 749 85
m 17 19
1 9 19
2 9 19
3 9 19
t 748 85
m 17 19
1 8 19
2 8 19
3 8 19
t 747 85
m 17 19
1 9 19
2 9 19
3 9 19
t 746 85
m 16 19
1 8 19
2 8 19
3 8 19
t 745 85
m 15 19
1 9 19
2 9 19
3 9 19
t 744 85
m 15 19
1 8 19
2 8 19
3 8 19
t 743 85
m 14 19
1 9 19
2 9 19
3 9 19
t 742 85
m 14 18
1 8 19
2 8 19
3 8 19
t 741 86
m 14 18
1 8 18
2 8 18
3 8 18
t 740 86
m 14 17
1 8 19
2 8 19
3 8 19
t 739 86
m 14 16
1 8 18
2 8 18
3 8 18
t 738 86
m 14 17
1 8 19
2 8 19
3 8 19
t 737 86
m 15 17
1 8 18
2 8 18
3 8 18
t 736 86
m 16 17
1 8 19
2 8 19
3 8 19
t 735 86
m 16 17
1 8 18
2 8 18
3 8 18
t 734 86
m 15 17
1 8 19
2 8 19
3 8 19
t 733 86
m 15 17
1 8 18
2 8 18
3 8 18
t 732 86
m 16 17
1 8 19
2 8 19
3 8 19
t 731 86
m 16 16
1 8 18
2 8 18
3 8 18
t 730 86
m 16 16
1 8 19
2 8 19
3 8 19
t 729 86
m 16 17
1 8 18
2 8 18
3 8 18
t 728 86
m 16 18
1 8 19
2 8 19
3 8 19
t 727 86
m 16 18
1 8 18
2 8 18
3 8 18
t 726 86
m 16 18
1 8 19
2 8 19
3 8 19
t 725 86
m 16 18
1 8 18
2 8 18
3 8 18
t 724 86
m 16 17
1 8 19
2 8 19
3 8 19
t 723 86
m 17 17
1 8 18
2 8 18
3 8 18
t 722 86
m 17 17
1 8 19
2 8 19
3 8 19
t 721 86
m 16 17
1 8 18
2 8 18
3 8 18
t 720 86
m 17 17
1 8 19
2 8 19
3 8 19
t 719 86
m 18 17
1 8 18
2 8 18
3 8 18
t 718 86
m 18 17
1 8 19
2 8 19
3 8 19
t 717 86
m 18 18
1 8 18
2 8 18
3 8 18
t 716 86
m 18 19
1 8 19
2 8 19
3 8 19
t 715 86
m 19 19
1 9 19
2 9 19
3 9 19
t 714 86
m 20 19
1 8 19
2 8 19
3 8 19
t 713 86
m 20 18
1 9 19
2 9 19
3 9 19
t 712 86
m 20 18
1 8 19
2 8 19
3 8 19
t 711 86
m 20 18
1 8 18
2 8 18
3 8 18
t 710 86
m 20 17
1 8 19
2 8 19
3 8 19
t 709 86
m 20 16
1 8 18
2 8 18
3 8 18
t 708 86
m 20 15
1 8 19
2 8 19
3 8 19
t 707 86
m 20 15
1 8 18
2 8 18
3 8 18
t 706 86
m 20 14
1 8 19
2 8 19
3 8 19
t 705 86
m 19 14
1 8 18
2 8 18
3 8 18
t 704 86
m 18 14
1 8 19
2 8 19
3 8 19
t 703 86
m 19 14
1 8 18
2 8 18
3 8 18
t 702 86
m 19 14
1 8 19
2 8 19
3 8 19
t 701 86
m 20 14
1 8 18
2 8 18
3 8 18
t 700 86
m 19 14
1 8 19
2 8 19
3 8 19
t 699 86
m 19 14
1 8 18
2 8 18
3 8 18
t 698 86
m 18 14
1 8 19
2 8 19
3 8 19
t 697 86
m 18 14
1 8 18
2 8 18
3 8 18
t 696 86
m 18 15
1 8 19
2 8 19
3 8 19
t 695 86
m 18 14
1 8 18
2 8 18
3 8 18
t 694 86
m 19 14
1 8 19
2 8 19
3 8 19
t 693 86
m 20 14
1 8 18
2 8 18
3 8 18
t 692 86
m 21 14
1 8 19
2 8 19
3 8 19
t 691 86
m 21 14
1 8 18
2 8 18
3 8 18
t 690 86
m 21 14
1 8 19
2 8 19
3 8 19
t 689 86
m 20 14
1 8 18
2 8 18
3 8 18
t 688 86
m 19 14
1 8 19
2 8 19
3 8 19
t 687 86
m 19 14
1 8 18
2 8 18
3 8 18
t 686 86
m 20 14
1 8 19
2 8 19
3 8 19
t 685 86
m 19 14
1 8 18
2 8 18
3 8 18
t 684 86
m 18 14
1 8 19
2 8 19
3 8 19
t 683 86
m 18 14
1 8 18
2 8 18
3 8 18
t 682 86
m 18 15
1 8 19
2 8 19
3 8 19
t 681 86
m 18 14
1 8 18
2 8 18
3 8 18
t 680 86
m 19 14
1 8 19
2 8 19
3 8 19
t 679 86
m 18 14
1 8 18
2 8 18
3 8 18
t 678 86
m 19 14
1 8 19
2 8 19
3 8 19
t 677 86
m 18 14
1 8 18
2 8 18
3 8 18
t 676 86
m 18 14
1 8 19
2 8 19
3 8 19
t 675 86
m 18 14
1 8 18
2 8 18
3 8 18
t 674 86
m 19 14
1 8 19
2 8 19
3 8 19
t 673 86
m 18 14
1 8 18
2 8 18
3 8 18
t 672 86
m 18 14
1 8 19
2 8 19
3 8 19
t 671 86
m 18 14
1 8 18
2 8 18
3 8 18
t 670 86
m 18 14
1 8 19
2 8 19
3 8 19
t 669 86
m 18 15
1 8 18
2 8 18
3 8 18
t 668 86
m 18 14
1 8 19
2 8 19
3 8 19
t 667 86
m 19 14
1 8 18
2 8 18
3 8 18
t 666 86
m 20 14
1 8 19
2 8 19
3 8 19
t 665 86
m 20 15
1 8 18
2 8 18
3 8 18
t 664 86
m 20 14
1 8 19
2 8 19
3 8 19
t 663 86
m 21 14
1 8 18
2 8 18
3 8 18
t 662 86
m 21 14
1 8 19
2 8 19
3 8 19
t 661 86
m 21 14
1 8 18
2 8 18
3 8 18
t 660 86
m 22 14
1 8 19
2 8 19
3 8 19
t 659 86
m 22 14
1 8 18
2 8 18
3 8 18
t 658 86
m 21 14
1 8 19
2 8 19
3 8 19
t 657 86
m 22 14
1 8 18
2 8 18
3 8 18
t 656 86
m 22 13
1 8 19
2 8 19
3 8 19
t 655 86
m 22 12
1 8 18
2 8 18
3 8 18
t 654 86
m 22 13
1 8 19
2 8 19
3 8 19
t 653 86
m 22 12
1 8 18
2 8 18
3 8 18
t 652 86
m 22 11
1 8 19
2 8 19
3 8 19
t 651 86
m 22 12
1 8 18
2 8 18
3 8 18
t 650 86
m 22 11
1 8 19
2 8 19
3 8 19
t 649 86
m 22 11
1 8 18
2 8 18
3 8 18
t 648 86
m 22 11
1 8 19
2 8 19
3 8 19
t 647 86
m 22 10
1 8 18
2 8 18
3 8 18
t 646 86
m 22 10
1 8 19
2 8 19
3 8 19
t 645 86
m 22 9
1 8 18
2 8 18
3 8 18
t 644 86
m 22 8
1 8 19
2 8 19
3 8 19
t 643 86
m 23 8
1 8 18
2 8 18
3 8 18
t 642 86
m 23 8
1 8 19
2 8 19
3 8 19
t 641 86
m 23 8
1 8 18
2 8 18
3 8 18
t 640 86
m 24 8
1 8 19
2 8 19
3 8 19
t 639 86
m 24 8
1 8 18
2 8 18
3 8 18
t 638 86
m 24 8
1 8 19
2 8 19
3 8 19
t 637 86
m 24 8
1 8 18
2 8 18
3 8 18
t 636 86
m 24 8
1 8 19
2 8 19
3 8 19
t 635 86
m 24 7
1 8 18
2 8 18
3 8 18
t 634 86
m 24 8
1 8 19
2 8 19
3 8 19
t 633 86
m 24 8
1 8 18
2 8 18
3 8 18
t 632 86
m 24 8
1 8 19
2 8 19
3 8 19
t 631 86
m 24 8
1 8 18
2 8 18
3 8 18
t 630 86
m 24 7
1 8 19
2 8 19
3 8 19
t 629 86
m 24 7
1 8 18
2 8 18
3 8 18
t 628 86
m 24 7
1 8 19
2 8 19
3 8 19
t 627 86
m 24 7
1 8 18
2 8 18
3 8 18
t 626 86
m 24 8
1 8 19
2 8 19
3 8 19
t 625 86
m 23 8
1 8 18
2 8 18
3 8 18
t 624 86
m 22 8
1 8 19
2 8 19
3 8 19
t 623 86
m 22 7
1 8 18
2 8 18
3 8 18
t 622 86
m 22 8
1 8 19
2 8 19
3 8 19
t 621 86
m 22 9
1 8 18
2 8 18
3 8 18
t 620 86
m 22 8
1 8 19
2 8 19
3 8 19
t 619 86
m 22 7
1 8 18
2 8 18
3 8 18
t 618 86
m 22 7
1 8 19
2 8 19
3 8 19
t 617 86
m 22 7
1 8 18
2 8 18
3 8 18
t 616 86
m 22 8
1 8 19
2 8 19
3 8 19
t 615 86
m 23 8
1 8 18
2 8 18
3 8 18
t 614 86
m 22 8
1 8 19
2 8 19
3 8 19
t 613 86
m 22 8
1 8 18
2 8 18
3 8 18
t 612 86
m 22 7
1 8 19
2 8 19
3 8 19
t 611 86
m 22 8
1 8 18
2 8 18
3 8 18
t 610 86
m 22 8
1 8 19
2 8 19
3 8 19
t 609 86
m 22 8
1 8 18
2 8 18
3 8 18
t 608 86
m 22 8
1 8 19
2 8 19
3 8 19
t 607 86
m 22 7
1 8 18
2 8 18
3 8 18
t 606 86
m 22 8
1 8 19
2 8 19
3 8 19
t 605 86
m 23 8
1 8 18
2 8 18
3 8 18
t 604 86
m 22 8
1 8 19
2 8 19
3 8 19
t 603 86
m 22 7
1 8 18
2 8 18
3 8 18
t 602 86
m 22 6
1 8 19
2 8 19
3 8 19
t 601 86
m 22 7
1 8 18
2 8 18
3 8 18
t 600 86
m 22 8
1 8 19
2 8 19
3 8 19
t 599 86
m 22 7
1 8 18
2 8 18
3 8 18
t 598 86
m 22 7
1 8 19
2 8 19
3 8 19
t 597 86
m 22 8
1 8 18
2 8 18
3 8 18
t 596 86
m 22 9
1 8 19
2 8 19
3 8 19
t 595 86
m 22 10
1 8 18
2 8 18
3 8 18
t 594 86
m 22 9
1 8 19
2 8 19
3 8 19
t 593 86
m 22 8
1 8 18
2 8 18
3 8 18
t 592 86
m 22 7
1 8 19
2 8 19
3 8 19
t 591 86
m 22 6
1 8 18
2 8 18
3 8 18
t 590 86
m 22 6
1 8 19
2 8 19
3 8 19
t 589 86
m 22 5
1 8 18
2 8 18
3 8 18
t 588 86
m 22 5
1 8 19
2 8 19
3 8 19
t 587 86
m 22 4
1 8 18
2 8 18
3 8 18
t 586 86
m 22 3
1 8 19
2 8 19
3 8 19
t 585 86
m 22 2
1 8 18
2 8 18
3 8 18
t 584 96
m 22 2
1 8 17
2 8 17
3 8 17
t 583 96
m 22 3
1 8 16
2 8 16
3 8 16
t 582 96
m 22 2
1 8 17
2 8 17
3 8 17
t 581 96
m 22 3
1 8 16
2 8 16
3 8 16
t 580 96
m 23 3
1 8 17
2 8 17
3 8 17
t 579 96
m 23 3
1 8 16
2 8 16
3 8 16
t 578 96
m 23 3
1 8 17
2 8 17
3 8 17
t 577 96
m 22 3
1 8 16
2 8 16
3 8 16
t 576 96
m 22 4
1 8 17
2 8 17
3 8 17
t 575 96
m 22 5
1 8 16
2 8 16
3 8 16
t 574 96
m 23 5
1 8 17
2 8 17
3 8 17
t 573 96
m 23 5
1 8 16
2 8 16
3 8 16
t 572 96
m 23 5
1 8 17
2 8 17
3 8 17
t 571 96
m 24 5
1 8 16
2 8 16
3 8 16
t 570 96
m 24 5
1 8 17
2 8 17
3 8 17
t 569 96
m 23 5
1 8 16
2 8 16
3 8 16
t 568 96
m 23 5
1 8 17
2 8 17
3 8 17
t 567 96
m 23 5
1 8 16
2 8 16
3 8 16
t 566 96
m 23 5
1 8 17
2 8 17
3 8 17
t 565 96
m 22 5
1 8 16
2 8 16
3 8 16
t 564 96
m 23 5
1 8 17
2 8 17
3 8 17
t 563 96
m 22 5
1 8 16
2 8 16
3 8 16
t 562 96
m 23 5
1 8 17
2 8 17
3 8 17
t 561 96
m 23 5
1 8 16
2 8 16
3 8 16
t 560 96
m 22 5
1 8 17
2 8 17
3 8 17
t 559 96
m 22 5
1 8 16
2 8 16
3 8 16
t 558 96
m 23 5
1 8 17
2 8 17
3 8 17
t 557 96
m 23 5
1 8 16
2 8 16
3 8 16
t 556 96
m 22 5
1 8 17
2 8 17
3 8 17
t 555 96
m 23 5
1 8 16
2 8 16
3 8 16
t 554 96
m 24 5
1 8 17
2 8 17
3 8 17
t 553 96
m 24 6
1 8 16
2 8 16
3 8 16
t 552 96
m 24 7
1 8 17
2 8 17
3 8 17
t 551 96
m 24 8
1 8 16
2 8 16
3 8 16
t 550 96
m 24 7
1 8 17
2 8 17
3 8 17
t 549 96
m 24 7
1 8 16
2 8 16
3 8 16
t 548 96
m 24 7
1 8 17
2 8 17
3 8 17
t 547 96
m 24 8
1 8 16
2 8 16
3 8 16
t 546 96
m 23 8
1 8 17
2 8 17
3 8 17
t 545 96
m 24 8
1 8 16
2 8 16
3 8 16
t 544 96
m 24 7
1 8 17
2 8 17
3 8 17
t 543 96
m 24 7
1 8 16
2 8 16
3 8 16
t 542 96
m 24 8
1 8 17
2 8 17
3 8 17
t 541 96
m 24 7
1 8 16
2 8 16
3 8 16
t 540 96
m 24 6
1 8 17
2 8 17
3 8 17
t 539 96
m 24 6
1 8 16
2 8 16
3 8 16
t 538 96
m 24 7
1 8 17
2 8 17
3 8 17
t 537 96
m 24 8
1 8 16
2 8 16
3 8 16
t 536 96
m 24 8
1 8 17
2 8 17
3 8 17
t 535 96
m 24 7
1 8 16
2 8 16
3 8 16
t 534 96
m 24 8
1 8 17
2 8 17
3 8 17
t 533 96
m 23 8
1 8 16
2 8 16
3 8 16
t 532 96
m 22 8
1 8 17
2 8 17
3 8 17
t 531 96
m 22 9
1 8 16
2 8 16
3 8 16
t 530 96
m 22 8
1 8 17
2 8 17
3 8 17
t 529 96
m 22 7
1 8 16
2 8 16
3 8 16
t 528 96
m 22 7
1 8 17
2 8 17
3 8 17
t 527 96
m 22 8
1 8 16
2 8 16
3 8 16
t 526 96
m 22 7
1 8 17
2 8 17
3 8 17
t 525 96
m 22 7
1 8 16
2 8 16
3 8 16
t 524 96
m 22 7
1 8 17
2 8 17
3 8 17
t 523 96
m 22 8
1 8 16
2 8 16
3 8 16
t 522 96
m 22 9
1 8 17
2 8 17
3 8 17
t 521 96
m 22 9
1 8 16
2 8 16
3 8 16
t 520 96
m 22 10
1 8 17
2 8 17
3 8 17
t 519 96
m 22 10
1 8 16
2 8 16
3 8 16
t 518 96
m 22 9
1 8 17
2 8 17
3 8 17
t 517 96
m 22 8
1 8 16
2 8 16
3 8 16
t 516 96
m 22 7
1 8 17
2 8 17
3 8 17
t 515 96
m 22 6
1 8 16
2 8 16
3 8 16
t 514 96
m 22 5
1 8 17
2 8 17
3 8 17
t 513 96
m 22 5
1 8 16
2 8 16
3 8 16
t 512 96
m 22 5
1 8 17
2 8 17
3 8 17
t 511 96
m 23 5
1 8 16
2 8 16
3 8 16
t 510 96
m 24 5
1 8 17
2 8 17
3 8 17
t 509 96
m 24 6
1 8 16
2 8 16
3 8 16
t 508 96
m 24 6
1 8 17
2 8 17
3 8 17
t 507 96
m 24 5
1 8 16
2 8 16
3 8 16
t 506 96
m 23 5
1 8 17
2 8 17
3 8 17
t 505 96
m 23 5
1 8 16
2 8 16
3 8 16
t 504 96
m 24 5
1 8 17
2 8 17
3 8 17
t 503 96
m 24 4
1 8 16
2 8 16
3 8 16
t 502 96
m 24 4
1 8 17
2 8 17
3 8 17
t 501 96
m 24 3
1 8 16
2 8 16
3 8 16
t 500 96
m 24 4
1 8 17
2 8 17
3 8 17
t 499 96
m 24 4
1 8 16
2 8 16
3 8 16
t 498 96
m 24 4
1 8 17
2 8 17
3 8 17
t 497 96
m 24 5
1 8 16
2 8 16
3 8 16
t 496 96
m 24 6
1 8 17
2 8 17
3 8 17
t 495 96
m 24 6
1 8 16
2 8 16
3 8 16
t 494 96
m 24 7
1 8 17
2 8 17
3 8 17
t 493 96
m 24 8
1 8 16
2 8 16
3 8 16
t 492 96
m 24 8
1 8 17
2 8 17
3 8 17
t 491 96
m 24 8
1 8 16
2 8 16
3 8 16
t 490 96
m 24 8
1 8 17
2 8 17
3 8 17
t 489 96
m 24 7
1 8 16
2 8 16
3 8 16
t 488 96
m 24 6
1 8 17
2 8 17
3 8 17
t 487 96
m 24 7
1 8 16
2 8 16
3 8 16
t 486 96
m 24 7
1 8 17
2 8 17
3 8 17
t 485 96
m 24 7
1 8 16
2 8 16
3 8 16
t 484 96
m 24 8
1 8 17
2 8 17
3 8 17
t 483 96
m 24 8
1 8 16
2 8 16
3 8 16
t 482 96
m 23 8
1 8 17
2 8 17
3 8 17
t 481 96
m 23 8
1 8 16
2 8 16
3 8 16
t 480 96
m 22 8
1 8 17
2 8 17
3 8 17
t 479 96
m 23 8
1 8 16
2 8 16
3 8 16
t 478 96
m 23 8
1 8 17
2 8 17
3 8 17
t 477 96
m 22 8
1 8 16
2 8 16
3 8 16
t 476 96
m 22 9
1 8 17
2 8 17
3 8 17
t 475 96
m 22 8
1 8 16
2 8 16
3 8 16
t 474 96
m 21 8
1 8 17
2 8 17
3 8 17
t 473 96
m 20 8
1 8 16
2 8 16
3 8 16
t 472 96
m 19 8
1 8 17
2 8 17
3 8 17
t 471 96
m 18 8
1 8 16
2 8 16
3 8 16
t 470 96
m 17 8
1 8 17
2 8 17
3 8 17
t 469 97
m 16 8
1 8 16
2 8 16
3 8 16
t 468 98
m 15 8
1 8 17
2 8 17
3 8 17
t 467 98
m 15 9
1 8 16
2 8 16
3 8 16
t 466 98
m 15 10
1 8 17
2 8 17
3 8 17
t 465 98
m 15 11
1 8 16
2 8 16
3 8 16
t 464 99
m 15 10
1 8 17
2 8 17
3 8 17
t 463 99
m 15 11
1 8 16
2 8 16
3 8 16
t 462 99
m 15 12
1 8 17
2 8 17
3 8 17
t 461 99
m 15 12
1 8 16
2 8 16
3 8 16
t 460 99
m 14 12
1 8 17
2 8 17
3 8 17
t 459 99
m 13 12
1 8 16
2 8 16
3 8 16
t 458 99
m 13 12
1 8 17
2 8 17
3 8 17
t 457 99
m 12 12
1 8 16
2 8 16
3 8 16
t 456 99
m 12 12
1 8 17
2 8 17
3 8 17
t 455 99
m 12 12
1 8 16
2 8 16
3 8 16
t 454 99
m 12 12
1 8 17
2 8 17
3 8 17
t 453 99
m 12 11
1 8 16
2 8 16
3 8 16
t 452 99
m 12 12
1 8 17
2 8 17
3 8 17
t 451 99
m 12 13
1 8 16
2 8 16
3 8 16
t 450 99
m 12 14
1 8 17
2 8 17
3 8 17
t 449 99
m 12 13
1 8 16
2 8 16
3 8 16
t 448 99
m 12 14
1 8 17
2 8 17
3 8 17
t 447 99
m 12 13
1 8 16
2 8 16
3 8 16
t 446 99
m 12 12
1 8 17
2 8 17
3 8 17
t 445 99
m 12 11
1 8 16
2 8 16
3 8 16
t 444 99
m 12 11
1 8 17
2 8 17
3 8 17
t 443 99
m 12 11
1 8 16
2 8 16
3 8 16
t 442 99
m 12 11
1 8 17
2 8 17
3 8 17
t 441 99
m 12 10
1 8 16
2 8 16
3 8 16
t 440 99
m 12 11
1 8 17
2 8 17
3 8 17
t 439 99
m 12 11
1 8 16
2 8 16
3 8 16
t 438 99
m 12 12
1 8 17
2 8 17
3 8 17
t 437 99
m 13 12
1 8 16
2 8 16
3 8 16
t 436 99
m 12 12
1 8 17
2 8 17
3 8 17
t 435 99
m 12 12
1 8 16
2 8 16
3 8 16
t 434 99
m 12 11
1 8 17
2 8 17
3 8 17
t 433 99
m 12 11
1 8 16
2 8 16
3 8 16
t 432 99
m 12 12
1 8 17
2 8 17
3 8 17
t 431 99
m 13 12
1 8 16
2 8 16
3 8 16
t 430 99
m 14 12
1 8 17
2 8 17
3 8 17
t 429 99
m 13 12
1 8 16
2 8 16
3 8 16
t 428 99
m 13 12
1 8 17
2 8 17
3 8 17
t 427 99
m 14 12
1 8 16
2 8 16
3 8 16
t 426 99
m 14 12
1 8 17
2 8 17
3 8 17
t 425 99
m 13 12
1 8 16
2 8 16
3 8 16
t 424 99
m 14 12
1 8 17
2 8 17
3 8 17
t 423 99
m 13 12
1 8 16
2 8 16
3 8 16
t 422 99
m 12 12
1 8 17
2 8 17
3 8 17
t 421 99
m 12 12
1 8 16
2 8 16
3 8 16
t 420 99
m 12 12
1 8 17
2 8 17
3 8 17
t 419 99
m 12 12
1 8 16
2 8 16
3 8 16
t 418 99
m 12 11
1 8 17
2 8 17
3 8 17
t 417 99
m 12 12
1 8 16
2 8 16
3 8 16
t 416 99
m 12 11
1 8 17
2 8 17
3 8 17
t 415 99
m 12 10
1 8 16
2 8 16
3 8 16
t 414 99
m 12 11
1 8 17
2 8 17
3 8 17
t 413 99
m 12 12
1 8 16
2 8 16
3 8 16
t 412 99
m 13 12
1 8 17
2 8 17
3 8 17
t 411 99
m 14 12
1 8 16
2 8 16
3 8 16
t 410 99
m 13 12
1 8 17
2 8 17
3 8 17
t 409 99
m 12 12
1 8 16
2 8 16
3 8 16
t 408 99
m 12 11
1 8 17
2 8 17
3 8 17
t 407 99
m 12 12
1 8 16
2 8 16
3 8 16
t 406 99
m 12 12
1 8 17
2 8 17
3 8 17
t 405 99
m 13 12
1 8 16
2 8 16
3 8 16
t 404 99
m 14 12
1 8 17
2 8 17
3 8 17
t 403 99
m 14 12
1 8 16
2 8 16
3 8 16
t 402 99
m 13 12
1 8 17
2 8 17
3 8 17
t 401 99
m 13 12
1 8 16
2 8 16
3 8 16
t 400 99
m 13 12
1 8 17
2 8 17
3 8 17
t 399 99
m 12 12
1 8 16
2 8 16
3 8 16
t 398 99
m 12 11
1 8 17
2 8 17
3 8 17
t 397 99
m 12 12
1 8 16
2 8 16
3 8 16
t 396 99
m 12 12
1 8 17
2 8 17
3 8 17
t 395 99
m 12 11
1 8 16
2 8 16
3 8 16
t 394 99
m 12 10
1 8 17
2 8 17
3 8 17
t 393 99
m 12 11
1 8 16
2 8 16
3 8 16
t 392 99
m 12 10
1 8 17
2 8 17
3 8 17
t 391 99
m 12 9
1 8 16
2 8 16
3 8 16
t 390 99
m 12 10
1 8 17
2 8 17
3 8 17
t 389 99
m 12 10
1 8 16
2 8 16
3 8 16
t 388 99
m 12 9
1 8 17
2 8 17
3 8 17
t 387 99
m 12 10
1 8 16
2 8 16
3 8 16
t 386 99
m 12 11
1 8 17
2 8 17
3 8 17
t 385 99
m 12 11
1 8 16
2 8 16
3 8 16
t 384 99
m 12 12
1 8 17
2 8 17
3 8 17
t 383 99
m 12 12
1 8 16
2 8 16
3 8 16
t 382 99
m 12 12
1 8 17
2 8 17
3 8 17
t 381 99
m 13 12
1 8 16
2 8 16
3 8 16
t 380 99
m 12 12
1 8 17
2 8 17
3 8 17
t 379 99
m 12 12
1 8 16
2 8 16
3 8 16
t 378 99
m 12 13
1 8 17
2 8 17
3 8 17
t 377 99
m 12 12
1 8 16
2 8 16
3 8 16
t 376 99
m 13 12
1 8 17
2 8 17
3 8 17
t 375 99
m 12 12
1 8 16
2 8 16
3 8 16
t 374 99
m 12 12
1 8 17
2 8 17
3 8 17
t 373 99
m 12 12
1 8 16
2 8 16
3 8 16
t 372 99
m 12 12
1 8 17
2 8 17
3 8 17
t 371 99
m 13 12
1 8 16
2 8 16
3 8 16
t 370 99
m 12 12
1 8 17
2 8 17
3 8 17
t 369 99
m 12 11
1 8 16
2 8 16
3 8 16
t 368 99
m 12 10
1 8 17
2 8 17
3 8 17
t 367 99
m 12 11
1 8 16
2 8 16
3 8 16
t 366 99
m 12 12
1 8 17
2 8 17
3 8 17
t 365 99
m 13 12
1 8 16
2 8 16
3 8 16
t 364 99
m 12 12
1 8 17
2 8 17
3 8 17
t 363 99
m 12 13
1 8 16
2 8 16
3 8 16
t 362 99
m 12 14
1 8 17
2 8 17
3 8 17
t 361 99
m 12 13
1 8 16
2 8 16
3 8 16
t 360 99
m 12 13
1 8 17
2 8 17
3 8 17
t 359 99
m 12 12
1 8 16
2 8 16
3 8 16
t 358 99
m 13 12
1 8 17
2 8 17
3 8 17
t 357 99
m 13 12
1 8 16
2 8 16
3 8 16
t 356 99
m 13 12
1 8 17
2 8 17
3 8 17
t 355 99
m 14 12
1 8 16
2 8 16
3 8 16
t 354 99
m 13 12
1 8 17
2 8 17
3 8 17
t 353 99
m 14 12
1 8 16
2 8 16
3 8 16
t 352 99
m 15 12
1 8 17
2 8 17
3 8 17
t 351 99
m 15 11
1 8 16
2 8 16
3 8 16
t 350 99
m 15 11
1 8 17
2 8 17
3 8 17
t 349 99
m 15 12
1 8 16
2 8 16
3 8 16
t 348 99
m 15 12
1 8 17
2 8 17
3 8 17
t 347 99
m 14 12
1 8 16
2 8 16
3 8 16
f 17 17
t 346 99
m 14 12
1 7 16
2 7 16
3 7 16
t 345 99
m 14 12
1 7 15
2 7 15
3 7 15
t 344 99
m 13 12
1 7 14
2 7 14
3 7 14
t 343 99
m 13 12
1 7 13
2 7 13
3 7 13
t 342 99
m 13 12
1 7 12
2 7 12
3 7 12
t 341 99
m 14 12
1 6 12
2 6 12
3 6 12
t 340 99
m 13 12
1 5 12
2 5 12
3 5 12
t 339 99
m 12 12
1 4 12
2 4 12
3 4 12
t 338 99
m 13 12
1 3 12
2 3 12
3 3 12
t 337 99
m 14 12
1 2 12
2 2 12
3 2 12
t 336 99
m 13 12
1 1 12
2 1 12
3 1 12
t 335 99
m 12 12
1 1 11
2 1 11
3 1 11
t 334 99
m 13 12
1 1 10
2 1 10
3 1 10
t 333 99
m 13 12
1 1 9
2 1 9
3 1 9
t 332 99
m 13 12
1 1 8
2 1 8
3 1 8
t 331 99
m 12 12
1 1 7
2 1 7
3 1 7
t 330 99
m 12 13
1 0 7
2 0 7
3 0 7
t 329 99
m 12 12
1 0 6
2 0 6
3 0 6
t 328 99
m 13 12
1 0 5
2 0 5
3 0 5
t 327 99
m 13 12
1 0 4
2 0 4
3 0 4
t 326 99
m 14 12
1 0 3
2 0 3
3 0 3
t 325 99
m 13 12
1 0 2
2 0 2
3 0 2
t 324 99
m 13 12
1 0 1
2 0 1
3 0 1
t 323 99
m 12 12
1 0 0
2 0 0
3 0 0
t 322 99
m 12 11
1 0 1
2 0 1
3 0 1
t 321 99
m 12 11
1 0 0
2 0 0
3 0 0
t 320 99
m 12 12
1 0 1
2 0 1
3 0 1
t 319 99
m 12 11
1 0 0
2 0 0
3 0 0
t 318 99
m 12 12
1 0 1
2 0 1
3 0 1
t 317 99
m 13 12
1 0 0
2 0 0
3 0 0
t 316 99
m 14 12
1 0 1
2 0 1
3 0 1
t 315 99
m 15 12
1 0 0
2 0 0
3 0 0
t 314 99
m 15 11
1 0 1
2 0 1
3 0 1
t 313 99
m 15 12
1 0 0
2 0 0
3 0 0
t 312 99
m 15 11
1 0 1
2 0 1
3 0 1
t 311 99
m 15 10
1 0 0
2 0 0
3 0 0
t 310 99
m 15 11
1 0 1
2 0 1
3 0 1
t 309 99
m 15 12
1 0 0
2 0 0
3 0 0
t 308 99
m 15 12
1 0 1
2 0 1
3 0 1
t 307 99
m 15 12
1 0 0
2 0 0
3 0 0
t 306 99
m 15 11
1 0 1
2 0 1
3 0 1
t 305 99
m 15 12
1 0 0
2 0 0
3 0 0
t 304 99
m 14 12
1 0 1
2 0 1
3 0 1
t 303 99
m 14 12
1 0 0
2 0 0
3 0 0
t 302 99
m 13 12
1 0 1
2 0 1
3 0 1
t 301 99
m 13 12
1 0 0
2 0 0
3 0 0
t 300 99
m 13 12
1 0 1
2 0 1
3 0 1
t 299 99
m 14 12
1 0 0
2 0 0
3 0 0
t 298 99
m 13 12
1 0 1
2 0 1
3 0 1
t 297 99
m 12 12
1 0 0
2 0 0
3 0 0
t 296 99
m 13 12
1 0 1
2 0 1
3 0 1
t 295 99
m 14 12
1 0 0
2 0 0
3 0 0
t 294 99
m 15 12
1 0 1
2 0 1
3 0 1
t 293 99
m 15 11
1 0 0
2 0 0
3 0 0
t 292 99
m 15 11
1 0 1
2 0 1
3 0 1
t 291 99
m 15 12
1 0 0
2 0 0
3 0 0
t 290 99
m 14 12
1 0 1
2 0 1
3 0 1
t 289 99
m 13 12
1 0 0
2 0 0
3 0 0
t 288 99
m 13 12
1 0 1
2 0 1
3 0 1
t 287 99
m 12 12
1 0 0
2 0 0
3 0 0
t 286 99
m 12 12
1 0 1
2 0 1
3 0 1
t 285 99
m 13 12
1 0 0
2 0 0
3 0 0
t 284 99
m 12 12
1 0 1
2 0 1
3 0 1
t 283 99
m 13 12
1 0 0
2 0 0
3 0 0
t 282 99
m 14 12
1 0 1
2 0 1
3 0 1
t 281 99
m 14 12
1 0 0
2 0 0
3 0 0
t 280 99
m 13 12
1 0 1
2 0 1
3 0 1
t 279 99
m 13 12
1 0 0
2 0 0
3 0 0
t 278 99
m 14 12
1 0 1
2 0 1
3 0 1
t 277 99
m 13 12
1 0 0
2 0 0
3 0 0
t 276 99
m 12 12
1 0 1
2 0 1
3 0 1
t 275 99
m 13 12
1 0 0
2 0 0
3 0 0
t 274 99
m 12 12
1 0 1
2 0 1
3 0 1
t 273 99
m 12 13
1 0 0
2 0 0
3 0 0
t 272 99
m 12 14
1 0 1
2 0 1
3 0 1
t 271 99
m 12 15
1 0 0
2 0 0
3 0 0
t 270 99
m 12 16
1 0 1
2 0 1
3 0 1
t 269 99
m 12 16
1 0 0
2 0 0
3 0 0
t 268 99
m 12 16
1 0 1
2 0 1
3 0 1
t 267 99
m 12 16
1 0 0
2 0 0
3 0 0
t 266 99
m 12 16
1 0 1
2 0 1
3 0 1
t 265 99
m 12 15
1 0 0
2 0 0
3 0 0
t 264 99
m 12 16
1 0 1
2 0 1
3 0 1
t 263 99
m 12 15
1 0 0
2 0 0
3 0 0
t 262 99
m 12 14
1 0 1
2 0 1
3 0 1
t 261 99
m 12 15
1 0 0
2 0 0
3 0 0
t 260 99
m 12 15
1 0 1
2 0 1
3 0 1
t 259 99
m 12 16
1 0 0
2 0 0
3 0 0
t 258 99
m 12 17
1 0 1
2 0 1
3 0 1
t 257 99
m 12 17
1 0 0
2 0 0
3 0 0
t 256 99
m 13 17
1 0 1
2 0 1
3 0 1
t 255 99
m 14 17
1 0 0
2 0 0
3 0 0
t 254 99
m 14 18
1 0 1
2 0 1
3 0 1
t 253 99
m 14 19
1 0 0
2 0 0
3 0 0
t 252 99
m 14 18
1 0 1
2 0 1
3 0 1
t 251 99
m 14 17
1 0 0
2 0 0
3 0 0
t 250 99
m 15 17
1 0 1
2 0 1
3 0 1
t 249 99
m 16 17
1 0 0
2 0 0
3 0 0
t 248 99
m 17 17
1 0 1
2 0 1
3 0 1
t 247 109
m 17 17
1 0 2
2 0 2
3 0 2
t 246 109
m 16 17
1 0 3
2 0 3
3 0 3
t 245 109
m 16 16
1 0 4
2 0 4
3 0 4
t 244 109
m 16 15
1 0 5
2 0 5
3 0 5
t 243 109
m 16 15
1 0 6
2 0 6
3 0 6
t 242 109
m 16 15
1 0 7
2 0 7
3 0 7
t 241 109
m 16 14
1 1 7
2 1 7
3 1 7
t 240 109
m 16 15
1 1 8
2 1 8
3 1 8
t 239 109
m 16 14
1 1 9
2 1 9
3 1 9
t 238 109
m 16 14
1 1 10
2 1 10
3 1 10
t 237 109
m 16 14
1 1 11
2 1 11
3 1 11
t 236 109
m 16 15
1 1 12
2 1 12
3 1 12
f 19 19
t 235 109
m 16 14
1 1 11
2 1 11
3 1 11
t 234 109
m 16 15
1 1 10
2 1 10
3 1 10
t 233 109
m 16 15
1 1 9
2 1 9
3 1 9
t 232 109
m 16 15
1 1 8
2 1 8
3 1 8
t 231 109
m 16 15
1 1 7
2 1 7
3 1 7
t 230 109
m 16 16
1 0 7
2 0 7
3 0 7
t 229 109
m 16 15
1 0 6
2 0 6
3 0 6
t 228 109
m 16 14
1 0 5
2 0 5
3 0 5
t 227 109
m 16 15
1 0 4
2 0 4
3 0 4
t 226 109
m 16 14
1 0 3
2 0 3
3 0 3
t 225 109
m 16 14
1 0 2
2 0 2
3 0 2
t 224 109
m 16 14
1 0 1
2 0 1
3 0 1
t 223 109
m 16 14
1 0 0
2 0 0
3 0 0
t 222 109
m 15 14
1 0 1
2 0 1
3 0 1
t 221 109
m 15 14
1 0 0
2 0 0
3 0 0
t 220 109
m 15 14
1 0 1
2 0 1
3 0 1
t 219 109
m 16 14
1 0 0
2 0 0
3 0 0
t 218 109
m 16 15
1 0 1
2 0 1
3 0 1
t 217 109
m 16 14
1 0 0
2 0 0
3 0 0
t 216 109
m 15 14
1 0 1
2 0 1
3 0 1
t 215 109
m 14 14
1 0 0
2 0 0
3 0 0
t 214 109
m 15 14
1 0 1
2 0 1
3 0 1
t 213 109
m 16 14
1 0 0
2 0 0
3 0 0
t 212 109
m 16 15
1 0 1
2 0 1
3 0 1
t 211 109
m 16 15
1 0 0
2 0 0
3 0 0
t 210 109
m 16 14
1 0 1
2 0 1
3 0 1
t 209 109
m 16 14
1 0 0
2 0 0
3 0 0
t 208 109
m 15 14
1 0 1
2 0 1
3 0 1
t 207 109
m 16 14
1 0 0
2 0 0
3 0 0
t 206 109
m 16 15
1 0 1
2 0 1
3 0 1
t 205 109
m 16 16
1 0 0
2 0 0
3 0 0
t 204 109
m 16 15
1 0 1
2 0 1
3 0 1
t 203 109
m 16 15
1 0 0
2 0 0
3 0 0
t 202 109
m 16 15
1 0 1
2 0 1
3 0 1
t 201 109
m 16 14
1 0 0
2 0 0
3 0 0
t 200 109
m 15 14
1 0 1
2 0 1
3 0 1
t 199 109
m 15 14
1 0 0
2 0 0
3 0 0
t 198 109
m 14 14
1 0 1
2 0 1
3 0 1
t 197 109
m 15 14
1 0 0
2 0 0
3 0 0
t 196 109
m 16 14
1 0 1
2 0 1
3 0 1
t 195 109
m 16 14
1 0 0
2 0 0
3 0 0
t 194 109
m 16 14
1 0 1
2 0 1
3 0 1
t 193 109
m 16 14
1 0 0
2 0 0
3 0 0
t 192 109
m 16 15
1 0 1
2 0 1
3 0 1
t 191 109
m 16 14
1 0 0
2 0 0
3 0 0
t 190 109
m 16 14
1 0 1
2 0 1
3 0 1
t 189 109
m 15 14
1 0 0
2 0 0
3 0 0
t 188 109
m 14 14
1 0 1
2 0 1
3 0 1
t 187 109
m 13 14
1 0 0
2 0 0
3 0 0
t 186 109
m 14 14
1 0 1
2 0 1
3 0 1
t 185 109
m 13 14
1 0 0
2 0 0
3 0 0
t 184 109
m 12 14
1 0 1
2 0 1
3 0 1
t 183 109
m 12 14
1 0 0
2 0 0
3 0 0
t 182 109
m 12 14
1 0 1
2 0 1
3 0 1
t 181 109
m 12 15
1 0 0
2 0 0
3 0 0
t 180 109
m 12 14
1 0 1
2 0 1
3 0 1
t 179 109
m 12 13
1 0 0
2 0 0
3 0 0
t 178 109
m 12 14
1 0 1
2 0 1
3 0 1
t 177 109
m 12 15
1 0 0
2 0 0
3 0 0
t 176 109
m 12 16
1 0 1
2 0 1
3 0 1
t 175 109
m 12 17
1 0 0
2 0 0
3 0 0
t 174 109
m 12 17
1 0 1
2 0 1
3 0 1
t 173 109
m 12 17
1 0 0
2 0 0
3 0 0
t 172 109
m 12 17
1 0 1
2 0 1
3 0 1
t 171 109
m 13 17
1 0 0
2 0 0
3 0 0
t 170 109
m 13 17
1 0 1
2 0 1
3 0 1
t 169 109
m 12 17
1 0 0
2 0 0
3 0 0
t 168 109
m 12 16
1 0 1
2 0 1
3 0 1
t 167 109
m 12 16
1 0 0
2 0 0
3 0 0
t 166 109
m 12 17
1 0 1
2 0 1
3 0 1
t 165 109
m 12 16
1 0 0
2 0 0
3 0 0
t 164 109
m 12 15
1 0 1
2 0 1
3 0 1
t 163 109
m 12 14
1 0 0
2 0 0
3 0 0
t 162 109
m 12 13
1 0 1
2 0 1
3 0 1
t 161 109
m 12 12
1 0 0
2 0 0
3 0 0
t 160 109
m 12 13
1 0 1
2 0 1
3 0 1
t 159 109
m 12 13
1 0 0
2 0 0
3 0 0
t 158 109
m 12 14
1 0 1
2 0 1
3 0 1
t 157 109
m 13 14
1 0 0
2 0 0
3 0 0
t 156 109
m 12 14
1 0 1
2 0 1
3 0 1
t 155 109
m 12 15
1 0 0
2 0 0
3 0 0
t 154 109
m 12 16
1 0 1
2 0 1
3 0 1
t 153 109
m 12 17
1 0 0
2 0 0
3 0 0
t 152 109
m 13 17
1 0 1
2 0 1
3 0 1
t 151 109
m 13 17
1 0 0
2 0 0
3 0 0
t 150 109
m 12 17
1 0 1
2 0 1
3 0 1
t 149 109
m 12 17
1 0 0
2 0 0
3 0 0
t 148 109
m 13 17
1 0 1
2 0 1
3 0 1
t 147 109
m 12 17
1 0 0
2 0 0
3 0 0
t 146 109
m 12 17
1 0 1
2 0 1
3 0 1
t 145 109
m 12 16
1 0 0
2 0 0
3 0 0
t 144 109
m 12 17
1 0 1
2 0 1
3 0 1
t 143 109
m 13 17
1 0 0
2 0 0
3 0 0
t 142 109
m 14 17
1 0 1
2 0 1
3 0 1
t 141 109
m 13 17
1 0 0
2 0 0
3 0 0
t 140 109
m 14 17
1 0 1
2 0 1
3 0 1
t 139 109
m 14 17
1 0 0
2 0 0
3 0 0
t 138 109
m 14 17
1 0 1
2 0 1
3 0 1
t 137 109
m 13 17
1 0 0
2 0 0
3 0 0
t 136 109
m 13 17
1 0 1
2 0 1
3 0 1
t 135 109
m 13 17
1 0 0
2 0 0
3 0 0
t 134 109
m 12 17
1 0 1
2 0 1
3 0 1
t 133 109
m 12 16
1 0 0
2 0 0
3 0 0
t 132 109
m 12 16
1 0 1
2 0 1
3 0 1
t 131 109
m 12 15
1 0 0
2 0 0
3 0 0
t 130 109
m 12 14
1 0 1
2 0 1
3 0 1
t 129 109
m 12 14
1 0 0
2 0 0
3 0 0
t 128 109
m 12 14
1 0 1
2 0 1
3 0 1
t 127 109
m 12 13
1 0 0
2 0 0
3 0 0
t 126 109
m 12 13
1 0 1
2 0 1
3 0 1
t 125 109
m 12 13
1 0 0
2 0 0
3 0 0
t 124 109
m 12 14
1 0 1
2 0 1
3 0 1
t 123 109
m 13 14
1 0 0
2 0 0
3 0 0
t 122 109
m 13 14
1 0 1
2 0 1
3 0 1
t 121 109
m 14 14
1 0 0
2 0 0
3 0 0
t 120 109
m 14 15
1 0 1
2 0 1
3 0 1
t 119 109
m 14 16
1 0 0
2 0 0
3 0 0
t 118 109
m 14 16
1 0 1
2 0 1
3 0 1
t 117 109
m 14 17
1 0 0
2 0 0
3 0 0
t 116 109
m 14 16
1 0 1
2 0 1
3 0 1
t 115 109
m 14 16
1 0 0
2 0 0
3 0 0
t 114 109
m 14 16
1 0 1
2 0 1
3 0 1
t 113 109
m 14 15
1 0 0
2 0 0
3 0 0
t 112 109
m 14 15
1 0 1
2 0 1
3 0 1
t 111 109
m 14 16
1 0 0
2 0 0
3 0 0
t 110 109
m 14 15
1 0 1
2 0 1
3 0 1
t 109 109
m 14 15
1 0 0
2 0 0
3 0 0
t 108 109
m 14 16
1 0 1
2 0 1
3 0 1
t 107 109
m 14 16
1 0 0
2 0 0
3 0 0
t 106 109
m 14 17
1 0 1
2 0 1
3 0 1
t 105 109
m 15 17
1 0 0
2 0 0
3 0 0
t 104 109
m 15 17
1 0 1
2 0 1
3 0 1
t 103 109
m 14 17
1 0 0
2 0 0
3 0 0
t 102 109
m 14 16
1 0 1
2 0 1
3 0 1
t 101 109
m 14 16
1 0 0
2 0 0
3 0 0
t 100 109
m 14 15
1 0 1
2 0 1
3 0 1
t 99 109
m 14 15
1 0 0
2 0 0
3 0 0
t 98 109
m 14 15
1 0 1
2 0 1
3 0 1
t 97 109
m 14 16
1 0 0
2 0 0
3 0 0
t 96 109
m 14 15
1 0 1
2 0 1
3 0 1
t 95 109
m 14 15
1 0 0
2 0 0
3 0 0
t 94 109
m 14 16
1 0 1
2 0 1
3 0 1
t 93 109
m 14 15
1 0 0
2 0 0
3 0 0
t 92 109
m 14 16
1 0 1
2 0 1
3 0 1
t 91 109
m 14 15
1 0 0
2 0 0
3 0 0
t 90 109
m 14 16
1 0 1
2 0 1
3 0 1
t 89 109
m 14 17
1 0 0
2 0 0
3 0 0
t 88 109
m 14 16
1 0 1
2 0 1
3 0 1
t 87 109
m 14 15
1 0 0
2 0 0
3 0 0
t 86 109
m 14 14
1 0 1
2 0 1
3 0 1
t 85 109
m 14 14
1 0 0
2 0 0
3 0 0
t 84 109
m 14 14
1 0 1
2 0 1
3 0 1
t 83 109
m 14 15
1 0 0
2 0 0
3 0 0
t 82 109
m 14 16
1 0 1
2 0 1
3 0 1
t 81 109
m 14 15
1 0 0
2 0 0
3 0 0
t 80 109
m 14 15
1 0 1
2 0 1
3 0 1
t 79 109
m 14 15
1 0 0
2 0 0
3 0 0
t 78 109
m 14 16
1 0 1
2 0 1
3 0 1
t 77 109
m 14 16
1 0 0
2 0 0
3 0 0
t 76 109
m 14 17
1 0 1
2 0 1
3 0 1
t 75 109
m 14 17
1 0 0
2 0 0
3 0 0
t 74 109
m 15 17
1 0 1
2 0 1
3 0 1
t 73 109
m 16 17
1 0 0
2 0 0
3 0 0
t 72 109
m 16 17
1 0 1
2 0 1
3 0 1
t 71 109
m 16 18
1 0 0
2 0 0
3 0 0
t 70 109
m 16 17
1 0 1
2 0 1
3 0 1
t 69 109
m 16 17
1 0 0
2 0 0
3 0 0
t 68 109
m 16 17
1 0 1
2 0 1
3 0 1
t 67 109
m 15 17
1 0 0
2 0 0
3 0 0
t 66 109
m 14 17
1 0 1
2 0 1
3 0 1
t 65 109
m 13 17
1 0 0
2 0 0
3 0 0
t 64 109
m 13 17
1 0 1
2 0 1
3 0 1
t 63 109
m 14 17
1 0 0
2 0 0
3 0 0
t 62 109
m 14 18
1 0 1
2 0 1
3 0 1
t 61 109
m 14 18
1 0 0
2 0 0
3 0 0
t 60 109
m 14 18
1 0 1
2 0 1
3 0 1
t 59 109
m 14 17
1 0 0
2 0 0
3 0 0
t 58 109
m 15 17
1 0 1
2 0 1
3 0 1
t 57 109
m 14 17
1 0 0
2 0 0
3 0 0
t 56 109
m 14 18
1 0 1
2 0 1
3 0 1
t 55 109
m 14 18
1 0 0
2 0 0
3 0 0
t 54 109
m 14 19
1 0 1
2 0 1
3 0 1
t 53 109
m 15 19
1 0 0
2 0 0
3 0 0
t 52 109
m 15 19
1 0 1
2 0 1
3 0 1
t 51 109
m 15 19
1 0 0
2 0 0
3 0 0
t 50 109
m 14 19
1 0 1
2 0 1
3 0 1
t 49 109
m 13 19
1 0 0
2 0 0
3 0 0
t 48 109
m 12 19
1 0 1
2 0 1
3 0 1
t 47 109
m 11 19
1 0 0
2 0 0
3 0 0
t 46 109
m 11 19
1 0 1
2 0 1
3 0 1
t 45 109
m 12 19
1 0 0
2 0 0
3 0 0
t 44 109
m 13 19
1 0 1
2 0 1
3 0 1
t 43 109
m 12 19
1 0 0
2 0 0
3 0 0
t 42 109
m 12 19
1 0 1
2 0 1
3 0 1
t 41 109
m 12 19
1 0 0
2 0 0
3 0 0
t 40 109
m 12 19
1 0 1
2 0 1
3 0 1
t 39 109
m 12 19
1 0 0
2 0 0
3 0 0
t 38 109
m 11 19
1 0 1
2 0 1
3 0 1
t 37 109
m 10 19
1 0 0
2 0 0
3 0 0
t 36 109
m 9 19
1 0 1
2 0 1
3 0 1
t 35 109
m 8 19
1 0 0
2 0 0
3 0 0
t 34 109
m 8 19
1 0 1
2 0 1
3 0 1
t 33 109
m 8 18
1 0 0
2 0 0
3 0 0
t 32 109
m 8 18
1 0 1
2 0 1
3 0 1
t 31 109
m 8 19
1 0 0
2 0 0
3 0 0
t 30 109
m 9 19
1 0 1
2 0 1
3 0 1
t 29 109
m 9 19
1 0 0
2 0 0
3 0 0
t 28 109
m 9 19
1 0 1
2 0 1
3 0 1
t 27 109
m 9 19
1 0 0
2 0 0
3 0 0
t 26 109
m 9 19
1 0 1
2 0 1
3 0 1
t 25 109
m 8 19
1 0 0
2 0 0
3 0 0
t 24 109
m 9 19
1 0 1
2 0 1
3 0 1
t 23 109
m 10 19
1 0 0
2 0 0
3 0 0
t 22 109
m 11 19
1 0 1
2 0 1
3 0 1
t 21 109
m 11 19
1 0 0
2 0 0
3 0 0
t 20 109
m 12 19
1 0 1
2 0 1
3 0 1
t 19 109
m 13 19
1 0 0
2 0 0
3 0 0
t 18 109
m 14 19
1 0 1
2 0 1
3 0 1
t 17 109
m 13 19
1 0 0
2 0 0
3 0 0
t 16 109
m 13 19
1 0 1
2 0 1
3 0 1
t 15 109
m 14 19
1 0 0
2 0 0
3 0 0
t 14 109
m 14 19
1 0 1
2 0 1
3 0 1
t 13 109
m 14 19
1 0 0
2 0 0
3 0 0
t 12 109
m 14 19
1 0 1
2 0 1
3 0 1
t 11 109
m 15 19
1 0 0
2 0 0
3 0 0
t 10 109
m 16 19
1 0 1
2 0 1
3 0 1
t 9 109
m 17 19
1 0 0
2 0 0
3 0 0
t 8 109
m 18 19
1 0 1
2 0 1
3 0 1
t 7 109
m 19 19
1 0 0
2 0 0
3 0 0
t 6 119
m 19 19
1 0 1
2 0 1
3 0 1
t 5 119
m 18 19
1 0 2
2 0 2
3 0 2
t 4 119
m 18 18
1 0 3
2 0 3
3 0 3
t 3 119
m 18 18
1 0 4
2 0 4
3 0 4
t 2 119
m 18 19
1 0 5
2 0 5
3 0 5
t 1 119
m 18 19
1 0 6
2 0 6
3 0 6
t 0 119
