35
20
m 0 19
1 34 0
2 34 0
3 34 0
w 1 1
w 3 1
w 5 1
w 6 1
w 7 1
w 8 1
w 9 1
w 10 1
w 11 1
w 12 1
w 13 1
w 14 1
w 15 1
w 17 1
w 19 1
w 20 1
w 21 1
w 22 1
w 23 1
w 24 1
w 25 1
w 26 1
w 27 1
w 28 1
w 29 1
w 31 1
w 33 1
w 1 2
w 3 2
w 5 2
w 6 2
w 7 2
w 8 2
w 9 2
w 10 2
w 11 2
w 12 2
w 13 2
w 14 2
w 15 2
w 17 2
w 19 2
w 20 2
w 21 2
w 22 2
w 23 2
w 24 2
w 25 2
w 26 2
w 27 2
w 28 2
w 29 2
w 31 2
w 33 2
w 1 3
w 5 3
w 6 3
w 7 3
w 8 3
w 9 3
w 10 3
w 11 3
w 12 3
w 13 3
w 14 3
w 15 3
w 19 3
w 20 3
w 21 3
w 22 3
w 23 3
w 24 3
w 25 3
w 26 3
w 27 3
w 28 3
w 29 3
w 33 3
w 1 4
w 3 4
w 5 4
w 6 4
w 7 4
w 8 4
w 9 4
w 10 4
w 11 4
w 12 4
w 13 4
w 14 4
w 15 4
w 16 4
w 17 4
w 18 4
w 19 4
w 20 4
w 21 4
w 22 4
w 23 4
w 24 4
w 25 4
w 26 4
w 27 4
w 28 4
w 29 4
w 31 4
w 33 4
w 1 5
w 3 5
w 5 5
w 6 5
w 7 5
w 8 5
w 9 5
w 10 5
w 11 5
w 12 5
w 13 5
w 14 5
w 20 5
w 21 5
w 22 5
w 23 5
w 24 5
w 25 5
w 26 5
w 27 5
w 28 5
w 29 5
w 31 5
w 33 5
w 1 6
w 3 6
w 5 6
w 6 6
w 7 6
w 8 6
w 9 6
w 10 6
w 11 6
w 12 6
w 13 6
w 14 6
w 16 6
w 17 6
w 18 6
w 20 6
w 21 6
w 22 6
w 23 6
w 24 6
w 25 6
w 26 6
w 27 6
w 28 6
w 29 6
w 31 6
w 33 6
w 10 7
w 11 7
w 12 7
w 13 7
w 21 7
w 22 7
w 23 7
w 24 7
w 1 8
w 2 8
w 3 8
w 5 8
w 6 8
w 7 8
w 8 8
w 10 8
w 11 8
w 12 8
w 13 8
w 15 8
w 16 8
w 17 8
w 18 8
w 19 8
w 21 8
w 22 8
w 23 8
w 24 8
w 26 8
w 27 8
w 28 8
w 29 8
w 31 8
w 32 8
w 33 8
w 1 9
w 2 9
w 3 9
w 31 9
w 32 9
w 33 9
w 5 10
w 6 10
w 7 10
w 8 10
w 9 10
w 10 10
w 11 10
w 12 10
w 13 10
w 15 10
w 16 10
w 17 10
w 18 10
w 19 10
w 21 10
w 22 10
w 23 10
w 24 10
w 25 10
w 26 10
w 27 10
w 28 10
w 29 10
w 1 11
w 2 11
w 3 11
w 4 11
w 5 11
w 6 11
w 7 11
w 8 11
w 9 11
w 10 11
w 11 11
w 12 11
w 13 11
w 15 11
w 16 11
w 17 11
w 18 11
w 19 11
w 21 11
w 22 11
w 23 11
w 24 11
w 25 11
w 26 11
w 27 11
w 28 11
w 29 11
w 30 11
w 31 11
w 32 11
w 33 11
w 1 12
w 2 12
w 3 12
w 4 12
w 5 12
w 6 12
w 7 12
w 8 12
w 9 12
w 10 12
w 15 12
w 16 12
w 17 12
w 18 12
w 19 12
w 24 12
w 25 12
w 26 12
w 27 12
w 28 12
w 29 12
w 30 12
w 31 12
w 32 12
w 33 12
w 1 13
w 2 13
w 3 13
w 4 13
w 5 13
w 6 13
w 7 13
w 8 13
w 9 13
w 10 13
w 12 13
w 14 13
w 15 13
w 16 13
w 17 13
w 18 13
w 19 13
w 20 13
w 22 13
w 24 13
w 25 13
w 26 13
w 27 13
w 28 13
w 29 13
w 30 13
w 31 13
w 32 13
w 33 13
w 1 14
w 2 14
w 3 14
w 4 14
w 5 14
w 6 14
w 7 14
w 8 14
w 9 14
w 10 14
w 12 14
w 14 14
w 15 14
w 16 14
w 17 14
w 18 14
w 19 14
w 20 14
w 22 14
w 24 14
w 25 14
w 26 14
w 27 14
w 28 14
w 29 14
w 30 14
w 31 14
w 32 14
w 33 14
w 6 15
w 7 15
w 8 15
w 9 15
w 10 15
w 24 15
w 25 15
w 26 15
w 27 15
w 28 15
w 1 16
w 2 16
w 4 16
w 6 16
w 7 16
w 8 16
w 9 16
w 10 16
w 12 16
w 13 16
w 14 16
w 15 16
w 16 16
w 17 16
w 18 16
w 19 16
w 20 16
w 21 16
w 22 16
w 24 16
w 25 16
w 26 16
w 27 16
w 28 16
w 30 16
w 32 16
w 33 16
w 1 17
w 2 17
w 4 17
w 13 17
w 14 17
w 15 17
w 16 17
w 17 17
w 18 17
w 19 17
w 20 17
w 21 17
w 30 17
w 32 17
w 33 17
w 1 18
w 2 18
w 4 18
w 6 18
w 7 18
w 8 18
w 9 18
w 11 18
w 13 18
w 14 18
w 15 18
w 16 18
w 17 18
w 18 18
w 19 18
w 20 18
w 21 18
w 23 18
w 25 18
w 26 18
w 27 18
w 28 18
w 30 18
w 32 18
w 33 18
w 6 19
w 7 19
w 8 19
w 9 19
w 13 19
w 14 19
w 15 19
w 16 19
w 17 19
w 18 19
w 19 19
w 20 19
w 21 19
w 25 19
w 26 19
w 27 19
w 28 19
p 3 0
p 4 0
p 5 0
p 6 0
p 7 0
p 8 0
p 9 0
p 10 0
p 12 0
p 14 0
p 15 0
p 16 0
p 17 0
p 18 0
p 21 0
p 22 0
p 23 0
p 24 0
p 27 0
p 28 0
p 29 0
p 30 0
p 31 0
p 34 0
p 0 1
p 18 1
p 32 1
p 34 1
p 2 2
p 16 2
p 32 2
p 34 2
p 4 3
p 16 3
p 18 3
p 31 3
p 34 3
p 0 4
p 2 4
p 32 4
p 0 5
p 15 5
p 16 5
p 18 5
p 34 5
p 0 6
p 4 6
p 15 6
p 19 6
p 32 6
p 0 7
p 2 7
p 6 7
p 7 7
p 14 7
p 26 7
p 27 7
p 31 7
p 32 7
p 9 8
p 20 8
p 0 9
p 4 9
p 8 9
p 9 9
p 11 9
p 13 9
p 15 9
p 16 9
p 17 9
p 18 9
p 20 9
p 21 9
p 22 9
p 23 9
p 24 9
p 25 9
p 26 9
p 28 9
p 30 9
p 34 9
p 1 10
p 2 10
p 4 10
p 20 10
p 31 10
p 34 11
p 11 12
p 12 12
p 20 12
p 21 12
p 11 13
p 13 13
p 23 13
p 34 13
p 0 14
p 11 14
p 13 14
p 23 14
p 0 15
p 4 15
p 5 15
p 12 15
p 13 15
p 19 15
p 21 15
p 22 15
p 33 15
p 3 16
p 5 16
p 23 16
p 0 17
p 5 17
p 8 17
p 9 17
p 10 17
p 12 17
p 22 17
p 25 17
p 28 17
p 31 17
p 0 18
p 5 18
p 10 18
p 24 18
p 29 18
p 34 18
p 1 19
p 5 19
p 11 19
p 12 19
p 22 19
p 24 19
p 30 19
t 1400 0
m 0 18
1 34 1
2 33 0
3 34 1
t 1399 0
m 0 17
1 34 2
2 34 0
3 34 2
t 1398 1
m 0 16
1 34 3
2 33 0
3 34 1
t 1397 1
m 0 15
1 34 4
2 32 0
3 34 0
t 1396 2
m 0 14
1 34 5
2 31 0
3 33 0
t 1395 2
m 0 15
1 34 4
2 30 0
3 32 0
t 1394 2
m 0 16
1 34 5
2 30 1
3 33 0
t 1393 2
m 0 17
1 34 4
2 30 2
3 32 0
t 1392 2
m 0 18
1 34 3
2 30 3
3 32 1
t 1391 2
m 0 19
1 34 4
2 30 4
3 32 0
t 1390 2
m 1 19
1 34 5
2 30 5
3 33 0
t 1389 3
m 2 19
1 34 6
2 30 4
3 32 0
t 1388 3
m 3 19
1 34 5
2 30 3
3 32 1
t 1387 3
m 4 19
1 34 6
2 31 3
3 32 0
t 1386 3
m 5 19
1 34 7
2 32 3
3 32 1
t 1385 4
m 5 18
1 33 7
2 32 4
3 32 0
t 1384 5
m 5 17
1 34 7
2 32 3
3 31 0
t 1383 5
m 5 16
1 34 8
2 31 3
3 30 0
t 1382 6
m 5 15
1 34 9
2 32 3
3 29 0
t 1381 7
m 4 15
1 34 8
2 31 3
3 30 0
t 1380 8
m 3 15
1 34 7
2 32 3
3 31 0
t 1379 8
m 3 16
1 34 8
2 32 4
3 30 0
t 1378 8
m 3 15
1 34 9
2 32 5
3 30 1
t 1377 8
m 4 15
1 34 10
2 32 6
3 30 0
t 1376 8
m 4 15
1 34 11
2 32 7
3 29 0
t 1375 8
m 5 15
1 34 12
2 31 7
3 30 0
t 1374 8
m 5 16
1 34 11
2 30 7
3 30 1
t 1373 8
m 5 17
1 34 12
2 29 7
3 30 2
t 1372 8
m 5 17
1 34 13
2 28 7
3 30 1
t 1371 8
m 6 17
1 34 14
2 27 7
3 30 0
t 1370 8
m 6 17
1 34 15
2 26 7
3 29 0
t 1369 8
m 7 17
1 33 15
2 27 7
3 30 0
t 1368 8
m 8 17
1 32 15
2 26 7
3 30 1
t 1367 9
m 9 17
1 33 15
2 27 7
3 30 2
t 1366 10
m 10 17
1 34 15
2 26 7
3 30 3
t 1365 11
m 10 18
1 34 16
2 25 7
3 31 3
t 1364 11
m 10 19
1 34 15
2 26 7
3 32 3
t 1363 11
m 11 19
1 34 16
2 25 7
3 32 4
t 1362 12
m 12 19
1 34 17
2 25 8
3 32 3
t 1361 13
m 12 19
1 34 18
2 25 9
3 32 2
t 1360 13
m 12 19
1 34 19
2 24 9
3 32 1
t 1359 13
m 12 18
1 33 19
2 23 9
3 32 2
t 1358 13
m 12 17
1 34 19
2 22 9
3 32 3
t 1357 14
m 12 18
1 34 18
2 21 9
3 32 4
t 1356 14
m 12 17
1 34 17
2 20 9
3 32 5
t 1355 14
m 11 17
1 34 18
2 20 10
3 32 6
t 1354 14
m 11 17
1 34 19
2 20 11
3 32 5
t 1353 14
m 11 17
1 34 18
2 20 12
3 32 4
t 1352 14
m 12 17
1 34 19
2 21 12
3 32 5
t 1351 14
m 12 17
1 34 18
2 20 12
3 32 4
t 1350 14
m 11 17
1 34 17
2 20 11
3 32 3
t 1349 14
m 11 17
1 34 18
2 20 12
3 31 3
t 1348 14
m 11 17
1 34 17
2 21 12
3 32 3
t 1347 14
m 11 16
1 34 18
2 20 12
3 32 2
t 1346 14
m 11 15
1 34 17
2 20 11
3 32 1
t 1345 14
m 11 14
1 34 16
2 20 12
3 32 2
t 1344 14
m 11 13
1 34 17
2 21 12
3 32 3
t 1343 15
m 11 12
1 34 18
2 21 13
3 31 3
t 1342 16
m 12 12
1 34 19
2 21 12
3 30 3
t 1341 17
m 13 12
1 33 19
2 21 13
3 30 4
t 1340 17
m 13 13
1 34 19
2 21 12
3 30 3
t 1339 17
m 13 14
1 33 19
2 21 13
3 30 4
t 1338 18
m 13 15
1 32 19
2 21 14
3 30 5
t 1337 19
m 12 15
1 31 19
2 21 15
3 30 6
t 1336 20
m 13 15
1 30 19
2 20 15
3 30 5
t 1335 20
m 13 15
1 31 19
2 19 15
3 30 6
t 1334 20
m 14 15
1 30 19
2 18 15
3 30 7
t 1333 20
m 15 15
1 31 19
2 17 15
3 29 7
t 1332 20
m 15 15
1 31 18
2 16 15
3 28 7
t 1331 20
m 16 15
1 31 17
2 15 15
3 27 7
t 1330 20
