35
20
m 0 19
1 34 0
2 34 0
3 34 0
w 4 0
w 5 0
w 6 0
w 7 0
w 8 0
w 9 0
w 10 0
w 11 0
w 12 0
w 13 0
w 14 0
w 15 0
w 16 0
w 17 0
w 18 0
w 19 0
w 20 0
w 21 0
w 22 0
w 23 0
w 24 0
w 25 0
w 26 0
w 27 0
w 28 0
w 29 0
w 30 0
w 1 1
w 2 1
w 4 1
w 5 1
w 6 1
w 7 1
w 8 1
w 9 1
w 10 1
w 11 1
w 12 1
w 13 1
w 14 1
w 15 1
w 16 1
w 17 1
w 18 1
w 19 1
w 20 1
w 21 1
w 22 1
w 23 1
w 24 1
w 25 1
w 26 1
w 27 1
w 28 1
w 29 1
w 30 1
w 32 1
w 33 1
w 1 2
w 2 2
w 4 2
w 5 2
w 6 2
w 7 2
w 8 2
w 9 2
w 10 2
w 11 2
w 12 2
w 13 2
w 14 2
w 15 2
w 16 2
w 17 2
w 18 2
w 19 2
w 20 2
w 21 2
w 22 2
w 23 2
w 24 2
w 25 2
w 26 2
w 27 2
w 28 2
w 29 2
w 30 2
w 32 2
w 33 2
w 1 3
w 2 3
w 4 3
w 5 3
w 6 3
w 7 3
w 8 3
w 9 3
w 10 3
w 11 3
w 17 3
w 23 3
w 24 3
w 25 3
w 26 3
w 27 3
w 28 3
w 29 3
w 30 3
w 32 3
w 33 3
w 4 4
w 5 4
w 6 4
w 7 4
w 8 4
w 9 4
w 10 4
w 11 4
w 13 4
w 14 4
w 15 4
w 17 4
w 19 4
w 20 4
w 21 4
w 23 4
w 24 4
w 25 4
w 26 4
w 27 4
w 28 4
w 29 4
w 30 4
w 1 5
w 8 5
w 9 5
w 10 5
w 11 5
w 13 5
w 14 5
w 15 5
w 19 5
w 20 5
w 21 5
w 23 5
w 24 5
w 25 5
w 26 5
w 33 5
w 1 6
w 3 6
w 5 6
w 6 6
w 8 6
w 9 6
w 10 6
w 11 6
w 13 6
w 17 6
w 21 6
w 23 6
w 24 6
w 25 6
w 26 6
w 28 6
w 29 6
w 31 6
w 33 6
w 3 7
w 5 7
w 6 7
w 13 7
w 15 7
w 17 7
w 19 7
w 21 7
w 28 7
w 29 7
w 31 7
w 1 8
w 3 8
w 5 8
w 6 8
w 7 8
w 8 8
w 9 8
w 10 8
w 12 8
w 13 8
w 15 8
w 17 8
w 19 8
w 21 8
w 22 8
w 24 8
w 25 8
w 26 8
w 27 8
w 28 8
w 29 8
w 31 8
w 33 8
w 1 9
w 3 9
w 5 9
w 6 9
w 7 9
w 8 9
w 9 9
w 10 9
w 12 9
w 13 9
w 15 9
w 17 9
w 19 9
w 21 9
w 22 9
w 24 9
w 25 9
w 26 9
w 27 9
w 28 9
w 29 9
w 31 9
w 33 9
w 3 10
w 5 10
w 6 10
w 7 10
w 8 10
w 9 10
w 10 10
w 15 10
w 19 10
w 24 10
w 25 10
w 26 10
w 27 10
w 28 10
w 29 10
w 31 10
w 1 11
w 5 11
w 6 11
w 7 11
w 8 11
w 9 11
w 10 11
w 11 11
w 12 11
w 13 11
w 14 11
w 15 11
w 16 11
w 17 11
w 18 11
w 19 11
w 20 11
w 21 11
w 22 11
w 23 11
w 24 11
w 25 11
w 26 11
w 27 11
w 28 11
w 29 11
w 33 11
w 1 12
w 3 12
w 7 12
w 8 12
w 9 12
w 10 12
w 11 12
w 12 12
w 13 12
w 14 12
w 15 12
w 16 12
w 17 12
w 18 12
w 19 12
w 20 12
w 21 12
w 22 12
w 23 12
w 24 12
w 25 12
w 26 12
w 27 12
w 31 12
w 33 12
w 1 13
w 5 13
w 7 13
w 8 13
w 9 13
w 10 13
w 11 13
w 12 13
w 13 13
w 14 13
w 15 13
w 16 13
w 17 13
w 18 13
w 19 13
w 20 13
w 21 13
w 22 13
w 23 13
w 24 13
w 25 13
w 26 13
w 27 13
w 29 13
w 33 13
w 1 14
w 3 14
w 4 14
w 5 14
w 7 14
w 8 14
w 9 14
w 10 14
w 11 14
w 12 14
w 13 14
w 21 14
w 22 14
w 23 14
w 24 14
w 25 14
w 26 14
w 27 14
w 29 14
w 30 14
w 31 14
w 33 14
w 11 15
w 12 15
w 13 15
w 15 15
w 16 15
w 17 15
w 18 15
w 19 15
w 21 15
w 22 15
w 23 15
w 1 16
w 2 16
w 4 16
w 5 16
w 6 16
w 7 16
w 8 16
w 9 16
w 11 16
w 12 16
w 13 16
w 15 16
w 16 16
w 17 16
w 18 16
w 19 16
w 21 16
w 22 16
w 23 16
w 25 16
w 26 16
w 27 16
w 28 16
w 29 16
w 30 16
w 32 16
w 33 16
w 4 17
w 5 17
w 6 17
w 7 17
w 8 17
w 9 17
w 11 17
w 12 17
w 13 17
w 15 17
w 16 17
w 17 17
w 18 17
w 19 17
w 21 17
w 22 17
w 23 17
w 25 17
w 26 17
w 27 17
w 28 17
w 29 17
w 30 17
w 1 18
w 2 18
w 4 18
w 5 18
w 6 18
w 7 18
w 8 18
w 9 18
w 15 18
w 16 18
w 17 18
w 18 18
w 19 18
w 25 18
w 26 18
w 27 18
w 28 18
w 29 18
w 30 18
w 32 18
w 33 18
w 11 19
w 12 19
w 13 19
w 21 19
w 22 19
w 23 19
p 0 0
p 2 0
p 32 0
p 33 0
p 0 1
p 31 1
p 34 1
p 0 2
p 31 2
p 34 2
p 0 3
p 3 3
p 13 3
p 14 3
p 18 3
p 19 3
p 21 3
p 34 3
p 0 4
p 2 4
p 3 4
p 12 4
p 18 4
p 31 4
p 33 4
p 34 4
p 2 5
p 5 5
p 6 5
p 7 5
p 12 5
p 18 5
p 29 5
p 31 5
p 32 5
p 2 6
p 4 6
p 7 6
p 12 6
p 14 6
p 15 6
p 16 6
p 18 6
p 20 6
p 27 6
p 30 6
p 0 7
p 1 7
p 2 7
p 4 7
p 7 7
p 9 7
p 16 7
p 22 7
p 25 7
p 26 7
p 27 7
p 30 7
p 33 7
p 34 7
p 4 8
p 16 8
p 23 8
p 30 8
p 32 8
p 2 9
p 4 9
p 11 9
p 14 9
p 16 9
p 18 9
p 23 9
p 32 9
p 34 9
p 0 10
p 1 10
p 4 10
p 11 10
p 12 10
p 13 10
p 16 10
p 18 10
p 20 10
p 21 10
p 30 10
p 32 10
p 33 10
p 0 12
p 28 12
p 29 12
p 30 12
p 34 12
p 2 13
p 6 13
p 30 13
p 31 13
p 32 13
p 34 13
p 6 14
p 15 14
p 16 14
p 17 14
p 20 14
p 28 14
p 34 14
p 0 15
p 3 15
p 5 15
p 6 15
p 10 15
p 20 15
p 26 15
p 30 15
p 34 15
p 10 16
p 14 16
p 20 16
p 10 17
p 20 17
p 33 17
p 34 17
p 0 18
p 13 18
p 14 18
p 21 18
p 1 19
p 4 19
p 8 19
p 10 19
p 14 19
p 16 19
p 18 19
p 19 19
p 20 19
p 24 19
p 25 19
p 26 19
p 27 19
p 28 19
p 33 19
t 1400 0
m 1 19
1 34 1
2 33 0
3 33 0
t 1399 0
m 1 19
1 34 2
2 32 0
3 32 0
t 1398 0
m 0 19
1 34 3
2 33 0
3 33 0
t 1397 0
m 0 18
1 34 4
2 32 0
3 32 0
t 1396 1
m 0 19
1 34 5
2 31 0
3 33 0
t 1395 1
m 0 19
1 34 6
2 31 1
3 34 0
t 1394 1
m 1 19
1 34 5
2 31 0
3 33 0
t 1393 1
m 2 19
1 34 6
2 31 1
3 34 0
t 1392 1
m 2 19
1 34 7
2 31 2
3 33 0
t 1391 1
m 3 19
1 34 8
2 31 3
3 34 0
t 1390 1
m 4 19
1 34 9
2 31 4
3 34 1
t 1389 2
m 4 19
1 34 8
2 31 3
3 34 2
t 1388 2
m 4 19
1 34 9
2 31 4
3 34 3
t 1387 2
m 3 19
1 34 10
2 31 5
3 34 2
t 1386 2
m 3 19
1 34 11
2 31 4
3 34 1
t 1385 2
m 3 18
1 34 12
2 31 5
3 34 2
t 1384 2
m 3 18
1 34 11
2 32 5
3 34 1
t 1383 2
m 3 19
1 34 10
2 31 5
3 34 2
t 1382 2
m 3 19
1 33 10
2 31 4
3 34 1
t 1381 2
m 4 19
1 34 10
2 31 3
3 34 0
t 1380 2
m 5 19
1 34 9
2 31 4
3 33 0
t 1379 2
m 6 19
1 34 8
2 32 4
3 34 0
t 1378 2
m 7 19
1 34 7
2 33 4
3 33 0
t 1377 2
m 8 19
1 34 6
2 32 4
3 34 0
t 1376 2
m 7 19
1 34 7
2 33 4
3 34 1
t 1375 2
m 8 19
1 34 6
2 34 4
3 34 2
t 1374 2
m 9 19
1 34 7
2 33 4
3 34 1
t 1373 2
m 10 19
1 34 8
2 34 4
3 34 0
t 1372 3
m 9 19
1 34 9
2 34 5
3 33 0
t 1371 3
m 9 19
1 34 10
2 34 4
3 32 0
t 1370 3
m 9 19
1 33 10
2 33 4
3 31 0
t 1369 3
m 8 19
1 34 10
2 32 4
3 32 0
t 1368 3
m 8 19
1 34 9
2 33 4
3 31 0
t 1367 3
m 8 19
1 34 10
2 32 4
3 31 1
t 1366 3
m 9 19
1 34 11
2 31 4
3 31 2
t 1365 3
m 9 19
1 34 12
2 31 3
3 31 3
t 1364 3
m 9 19
1 34 13
2 31 4
3 31 4
t 1363 3
m 10 19
1 34 12
2 31 3
3 31 3
t 1362 3
m 10 19
1 34 13
2 31 2
3 31 4
t 1361 3
m 10 18
1 34 14
2 31 1
3 31 3
t 1360 3
m 10 17
1 34 15
2 31 0
3 31 4
t 1359 4
m 10 16
1 34 14
2 32 0
3 31 5
t 1358 5
m 10 17
1 34 15
2 33 0
3 32 5
t 1357 5
m 10 16
1 34 16
2 34 0
3 31 5
t 1356 5
m 10 15
1 34 17
2 33 0
3 30 5
t 1355 5
m 10 16
1 33 17
2 32 0
3 30 6
t 1354 5
m 10 15
1 32 17
2 33 0
3 30 7
t 1353 5
m 9 15
1 33 17
2 32 0
3 30 8
t 1352 5
m 8 15
1 34 17
2 33 0
3 30 7
t 1351 5
m 7 15
1 33 17
2 32 0
3 30 8
t 1350 5
m 6 15
1 34 17
2 31 0
3 30 7
t 1349 6
m 5 15
1 33 17
2 32 0
3 30 8
t 1348 7
m 6 15
1 32 17
2 31 0
3 30 9
t 1347 7
m 6 15
1 33 17
2 32 0
3 30 10
t 1346 7
m 6 14
1 32 17
2 33 0
3 30 11
t 1345 7
m 6 13
1 33 17
2 32 0
3 30 10
t 1344 8
m 6 12
1 34 17
2 31 0
3 30 9
t 1343 8
m 6 13
1 33 17
2 32 0
3 30 10
t 1342 8
m 6 13
1 34 17
2 33 0
3 30 11
t 1341 8
m 6 13
1 33 17
2 34 0
3 30 12
t 1340 8
m 6 12
1 34 17
2 34 1
3 30 11
t 1339 8
m 6 13
1 34 18
2 34 0
3 31 11
t 1338 8
m 6 13
1 34 19
2 33 0
3 32 11
t 1337 8
m 6 12
1 34 18
2 34 0
3 31 11
t 1336 8
m 5 12
1 34 19
2 34 1
3 30 11
t 1335 8
m 6 12
1 33 19
2 34 0
3 30 12
t 1334 8
m 6 12
1 34 19
2 33 0
3 29 12
t 1333 8
m 6 12
1 33 19
2 34 0
3 28 12
t 1332 8
m 5 12
1 34 19
2 33 0
3 28 13
t 1331 8
m 4 12
1 34 18
2 32 0
3 28 14
t 1330 8
m 4 12
1 34 19
2 33 0
3 28 15
t 1329 8
m 4 11
1 34 18
2 32 0
3 27 15
t 1328 8
m 4 10
1 34 17
2 33 0
3 26 15
t 1327 9
m 4 9
1 33 17
2 32 0
3 27 15
t 1326 10
m 4 8
1 34 17
2 33 0
3 28 15
t 1325 10
m 4 7
1 34 18
2 34 0
3 28 14
t 1324 11
m 4 6
1 34 17
2 34 1
3 28 15
t 1323 12
m 4 5
1 34 16
2 34 2
3 29 15
t 1322 12
m 5 5
1 34 17
2 34 1
3 28 15
t 1321 12
m 6 5
1 34 16
2 34 0
3 29 15
t 1320 13
m 7 5
1 34 17
2 33 0
3 30 15
t 1319 14
m 7 6
1 33 17
2 34 0
3 31 15
t 1318 15
m 7 7
1 34 17
2 34 1
3 31 16
t 1317 15
m 7 6
1 33 17
2 34 2
3 31 15
t 1316 15
m 7 6
1 32 17
2 34 3
3 31 16
t 1315 15
m 7 7
1 33 17
2 34 2
3 31 15
t 1314 15
m 7 7
1 34 17
2 34 3
3 31 16
t 1313 15
m 8 7
1 34 16
2 34 4
3 31 17
t 1312 15
m 9 7
1 34 15
2 34 5
3 32 17
t 1311 16
m 10 7
1 33 15
2 34 6
3 31 17
t 1310 16
m 9 7
1 32 15
2 34 5
3 31 18
t 1309 16
m 10 7
1 33 15
2 34 4
3 31 17
t 1308 16
m 9 7
1 34 15
2 34 3
3 31 16
t 1307 16
m 9 7
1 34 14
2 34 2
3 31 17
t 1306 16
m 8 7
1 34 15
2 34 1
3 32 17
t 1305 16
m 9 7
1 34 14
2 34 0
3 33 17
t 1304 16
m 8 7
1 34 13
2 33 0
3 34 17
t 1303 16
m 8 7
1 34 14
2 32 0
3 34 16
t 1302 16
m 7 7
1 34 15
2 31 0
3 34 17
t 1301 16
m 7 6
1 33 15
2 31 1
3 34 16
t 1300 16
m 7 5
1 34 15
2 31 2
3 34 17
t 1299 16
m 7 6
1 33 15
2 31 1
3 34 18
t 1298 16
m 7 6
1 32 15
2 31 0
3 34 19
t 1297 16
m 7 7
1 33 15
2 32 0
3 33 19
t 1296 16
m 7 7
1 32 15
2 33 0
3 34 19
t 1295 16
m 8 7
1 31 15
2 34 0
3 33 19
t 1294 16
m 8 7
1 31 16
2 33 0
3 32 19
t 1293 16
m 8 7
1 31 15
2 32 0
3 31 19
t 1292 16
m 7 7
1 32 15
2 31 0
3 31 18
t 1291 16
m 8 7
1 33 15
2 31 1
3 31 19
t 1290 16
m 8 7
1 34 15
2 31 2
3 30 19
t 1289 16
m 8 7
1 34 14
2 31 1
3 31 19
t 1288 16
m 8 7
1 34 13
2 31 0
3 30 19
t 1287 16
m 7 7
1 34 12
2 32 0
3 29 19
t 1286 16
m 7 6
1 34 11
2 31 0
3 30 19
t 1285 16
m 7 6
1 34 12
2 31 1
3 31 19
t 1284 16
m 7 7
1 34 11
2 31 0
3 30 19
f 4 7
t 1283 16
m 7 7
1 34 10
2 31 1
3 31 19
t 1282 16
m 8 7
1 34 11
2 31 0
3 32 19
t 1281 16
m 9 7
1 34 12
2 31 1
3 33 19
t 1280 16
m 8 7
1 34 11
2 31 0
3 34 19
t 1279 16
m 9 7
1 34 12
2 31 1
3 33 19
t 1278 16
m 10 7
1 34 11
2 31 2
3 34 19
t 1277 16
m 11 7
1 34 12
2 31 3
3 33 19
t 1276 16
m 11 8
1 34 11
2 31 2
3 34 19
t 1275 16
m 11 9
1 34 12
2 31 3
3 34 18
t 1274 17
m 11 10
1 34 11
2 31 2
3 34 17
t 1273 17
m 12 10
1 34 12
2 31 1
3 34 18
t 1272 18
m 13 10
1 34 13
2 31 0
3 34 19
t 1271 19
m 12 10
1 34 12
2 32 0
3 33 19
t 1270 19
m 11 10
1 34 13
2 33 0
3 32 19
t 1269 19
m 11 10
1 34 14
2 34 0
3 33 19
t 1268 19
m 11 9
1 34 13
2 34 1
3 32 19
t 1267 19
m 11 9
1 34 12
2 34 0
3 31 19
t 1266 19
m 11 10
1 34 11
2 33 0
3 31 18
t 1265 19
m 12 10
1 34 10
2 32 0
3 31 17
t 1264 19
m 13 10
1 34 9
2 31 0
3 32 17
t 1263 19
m 12 10
1 34 10
2 31 1
3 33 17
t 1262 19
m 11 10
1 34 9
2 31 2
3 32 17
t 1261 19
m 11 9
1 34 10
2 31 3
3 31 17
t 1260 19
m 11 8
1 34 11
2 31 2
3 32 17
t 1259 19
m 11 8
1 34 12
2 31 1
3 33 17
t 1258 19
m 11 9
1 34 11
2 31 0
3 32 17
t 1257 19
m 11 9
1 34 10
2 32 0
3 33 17
t 1256 19
m 11 10
1 34 9
2 31 0
3 34 17
t 1255 19
m 12 10
1 34 10
2 31 1
3 34 18
t 1254 19
m 12 10
1 34 11
2 31 0
3 34 19
t 1253 19
m 12 10
1 34 10
2 32 0
3 33 19
t 1252 19
m 11 10
1 34 11
2 33 0
3 34 19
t 1251 19
m 11 10
1 34 12
2 32 0
3 33 19
t 1250 19
m 11 10
1 34 13
2 33 0
3 32 19
t 1249 19
m 11 9
1 34 12
2 34 0
3 33 19
t 1248 19
m 11 10
1 34 11
2 33 0
3 32 19
t 1247 19
m 11 9
1 34 10
2 32 0
3 31 19
t 1246 19
m 11 8
1 33 10
2 31 0
3 32 19
t 1245 19
m 11 7
1 34 10
2 32 0
3 31 19
t 1244 19
m 10 7
1 34 9
2 31 0
3 32 19
t 1243 19
m 11 7
1 34 8
2 31 1
3 31 19
t 1242 19
m 12 7
1 34 9
2 31 2
3 31 18
t 1241 19
m 12 6
1 34 10
2 31 3
3 31 19
t 1240 20
m 12 5
1 34 9
2 31 2
3 30 19
t 1239 20
m 12 4
1 34 10
2 31 1
3 29 19
t 1238 21
m 12 3
1 34 9
2 31 0
3 28 19
t 1237 21
m 13 3
1 34 10
2 32 0
3 27 19
t 1236 22
m 14 3
1 34 11
2 33 0
3 26 19
t 1235 22
m 15 3
1 34 10
2 32 0
3 25 19
t 1234 22
m 15 3
1 33 10
2 33 0
3 26 19
t 1233 22
m 16 3
1 32 10
2 32 0
3 27 19
t 1232 22
m 16 3
1 33 10
2 33 0
3 26 19
t 1231 22
m 16 4
1 34 10
2 32 0
3 27 19
t 1230 22
m 16 5
1 33 10
2 33 0
3 26 19
t 1229 22
m 16 6
1 32 10
2 34 0
3 25 19
t 1228 23
m 15 6
1 32 11
2 34 1
3 26 19
t 1227 24
m 14 6
1 32 12
2 34 0
3 27 19
t 1226 25
m 14 7
1 32 13
2 33 0
3 26 19
t 1225 25
m 14 7
1 32 12
2 32 0
3 25 19
t 1224 25
m 14 7
1 32 11
2 31 0
3 24 19
t 1223 25
m 14 8
1 32 12
2 31 1
3 24 18
t 1222 25
m 14 7
1 32 13
2 31 0
3 23 18
t 1221 25
m 14 7
1 32 12
2 31 1
3 22 18
t 1220 25
m 14 8
1 32 11
2 31 2
3 21 18
t 1219 25
m 14 8
1 32 12
2 31 1
3 20 18
t 1218 25
m 14 9
1 32 13
2 31 0
3 20 19
t 1217 25
m 14 8
1 32 14
2 32 0
3 19 19
t 1216 25
m 14 7
1 32 13
2 33 0
3 20 19
t 1215 25
m 14 7
1 32 14
2 32 0
3 19 19
t 1214 25
m 14 8
1 32 13
2 31 0
3 20 19
t 1213 25
m 14 9
1 32 14
2 32 0
3 19 19
t 1212 25
m 14 8
1 32 13
2 31 0
3 20 19
t 1211 25
m 14 9
1 32 12
2 31 1
3 19 19
t 1210 25
m 14 8
1 32 13
2 31 2
3 20 19
t 1209 25
m 14 8
1 32 14
2 31 1
3 20 18
t 1208 25
m 14 9
1 32 15
2 31 0
3 21 18
t 1207 25
m 14 8
1 32 14
2 31 1
3 20 18
t 1206 25
m 14 7
1 32 15
2 31 0
3 20 17
t 1205 25
m 14 8
1 33 15
2 31 1
3 20 18
t 1204 25
m 14 7
1 32 15
2 31 2
3 20 19
t 1203 25
m 14 6
1 33 15
2 31 3
3 20 18
t 1202 25
m 14 7
1 34 15
2 31 2
3 21 18
t 1201 25
m 14 8
1 34 14
2 31 1
3 20 18
t 1200 25
m 14 7
1 34 15
2 31 0
3 20 19
t 1199 25
m 14 6
1 34 14
2 32 0
3 20 18
t 1198 25
m 15 6
1 34 13
2 33 0
3 20 19
t 1197 25
m 16 6
1 34 12
2 32 0
3 20 18
t 1196 25
m 16 7
1 34 13
2 31 0
3 20 17
t 1195 26
m 16 8
1 34 14
2 31 1
3 20 16
t 1194 27
m 16 9
1 34 13
2 31 0
3 20 17
t 1193 27
m 16 8
1 34 14
2 32 0
3 20 16
t 1192 27
m 16 9
1 34 13
2 31 0
3 20 15
t 1191 27
m 16 10
1 34 12
2 32 0
3 20 16
t 1190 28
m 16 9
1 34 13
2 31 0
3 20 17
t 1189 28
m 16 10
1 34 14
2 31 1
3 20 18
t 1188 28
m 16 10
1 34 15
2 31 0
3 20 17
t 1187 28
m 16 10
1 34 16
2 32 0
3 20 16
t 1186 28
m 16 9
1 34 15
2 33 0
3 20 17
t 1185 28
m 16 8
1 34 16
2 34 0
3 20 18
t 1184 28
m 16 9
1 34 15
2 33 0
3 20 17
t 1183 28
m 16 9
1 34 16
2 32 0
3 20 18
t 1182 28
m 16 10
1 34 15
2 33 0
3 20 19
t 1181 28
m 16 9
1 34 16
2 34 0
3 20 18
t 1180 28
m 16 8
1 34 17
2 33 0
3 20 17
t 1179 28
m 16 7
1 34 18
2 34 0
3 20 18
t 1178 28
m 16 6
1 34 17
2 33 0
3 20 19
t 1177 28
m 15 6
1 34 16
2 32 0
3 20 18
t 1176 28
m 15 6
1 34 17
2 31 0
3 20 19
t 1175 28
m 16 6
1 33 17
2 32 0
3 19 19
t 1174 28
m 16 7
1 34 17
2 33 0
3 20 19
t 1173 28
m 16 6
1 34 16
2 32 0
3 19 19
t 1172 28
m 16 6
1 34 17
2 33 0
3 20 19
t 1171 28
m 16 6
1 33 17
2 34 0
3 20 18
t 1170 28
m 15 6
1 32 17
2 34 1
3 20 17
t 1169 28
m 16 6
1 33 17
2 34 2
3 20 16
t 1168 28
m 15 6
1 32 17
2 34 3
3 20 17
t 1167 28
m 16 6
1 33 17
2 34 2
3 20 18
t 1166 28
m 16 7
1 32 17
2 34 1
3 21 18
t 1165 28
m 16 7
1 31 17
2 34 0
3 22 18
t 1164 28
m 16 6
1 31 16
2 34 1
3 21 18
t 1163 28
m 16 6
1 31 17
2 34 0
3 20 18
t 1162 28
m 16 6
1 31 16
2 34 1
3 20 17
t 1161 28
m 16 7
1 31 15
2 34 2
3 20 18
t 1160 28
m 16 6
1 32 15
2 34 1
3 20 17
t 1159 28
m 16 5
1 33 15
2 34 0
3 20 18
t 1158 28
m 17 5
1 34 15
2 34 1
3 20 19
t 1157 28
m 18 5
1 34 14
2 34 0
3 19 19
t 1156 29
m 18 4
1 34 15
2 34 1
3 18 19
t 1155 30
m 18 3
1 34 14
2 34 0
3 19 19
t 1154 30
m 19 3
1 34 15
2 33 0
3 20 19
t 1153 31
m 20 3
1 34 16
2 32 0
3 19 19
t 1152 31
m 21 3
1 34 17
2 33 0
3 18 19
t 1151 32
m 20 3
1 33 17
2 34 0
3 19 19
t 1150 32
m 19 3
1 32 17
2 33 0
3 20 19
t 1149 32
m 18 3
1 31 17
2 34 0
3 19 19
t 1148 32
m 18 4
1 31 16
2 33 0
3 20 19
t 1147 32
m 18 3
1 31 15
2 34 0
3 19 19
t 1146 32
m 18 4
1 31 16
2 34 1
3 20 19
t 1145 32
m 18 5
1 31 15
2 34 2
3 20 18
t 1144 32
m 18 6
1 31 16
2 34 3
3 21 18
t 1143 32
m 19 6
1 31 15
2 34 2
3 22 18
t 1142 32
m 19 6
1 32 15
2 34 1
3 21 18
t 1141 32
m 20 6
1 32 14
2 34 0
3 20 18
t 1140 33
m 19 6
1 32 13
2 34 1
3 20 19
t 1139 33
m 19 6
1 32 12
2 34 2
3 20 18
t 1138 33
m 18 6
1 32 11
2 34 1
3 20 19
t 1137 33
m 19 6
1 32 12
2 34 2
3 20 18
t 1136 33
m 19 6
1 32 11
2 34 3
3 21 18
t 1135 33
m 20 6
1 32 12
2 34 4
3 20 18
t 1134 33
m 20 6
1 32 13
2 34 5
3 20 17
t 1133 33
m 20 7
1 32 14
2 34 4
3 20 16
t 1132 33
m 20 8
1 32 13
2 33 4
3 20 15
t 1131 33
m 20 7
1 31 13
2 34 4
3 20 16
t 1130 33
m 20 7
1 30 13
2 33 4
3 20 15
t 1129 33
m 20 6
1 30 12
2 34 4
3 20 16
t 1128 33
m 19 6
1 30 13
2 34 5
3 20 15
t 1127 33
m 18 6
1 30 12
2 34 4
3 20 14
t 1126 33
m 18 7
1 29 12
2 33 4
3 19 14
t 1125 33
m 18 8
1 30 12
2 34 4
3 18 14
t 1124 33
m 18 9
1 29 12
2 34 3
3 17 14
t 1123 34
m 18 10
1 30 12
2 34 4
3 16 14
t 1122 35
m 18 10
1 30 13
2 34 3
3 17 14
t 1121 35
m 18 10
1 31 13
2 34 2
3 16 14
t 1120 35
m 18 9
1 30 13
2 34 3
3 15 14
t 1119 35
m 18 9
1 31 13
2 34 4
3 14 14
t 1118 35
m 18 9
1 30 13
2 34 3
3 15 14
t 1117 35
m 18 8
1 31 13
2 34 2
3 14 14
t 1116 35
m 18 7
1 32 13
2 34 3
3 14 15
t 1115 35
m 18 7
1 31 13
2 34 2
3 14 16
t 1114 35
m 18 8
1 30 13
2 34 1
3 14 15
t 1113 35
m 18 7
1 31 13
2 34 0
3 14 16
t 1112 35
m 18 8
1 30 13
2 33 0
3 14 15
t 1111 35
m 18 8
1 30 12
2 34 0
3 14 14
t 1110 35
m 18 7
1 30 11
2 34 1
3 14 15
t 1109 35
m 18 8
1 30 12
2 34 2
3 14 14
t 1108 35
m 18 7
1 30 13
2 34 3
3 14 15
t 1107 35
m 18 7
1 30 12
2 34 4
3 14 14
t 1106 35
m 18 8
1 30 11
2 34 3
3 14 15
t 1105 35
m 18 7
1 30 12
2 34 4
3 14 16
t 1104 35
m 18 7
1 29 12
2 34 5
3 14 15
t 1103 35
m 18 7
1 30 12
2 34 4
3 14 16
t 1102 35
m 18 8
1 30 13
2 34 3
3 14 15
t 1101 35
m 18 7
1 30 12
2 34 2
3 14 16
t 1100 35
m 18 7
1 29 12
2 34 3
3 14 15
t 1099 35
m 18 8
1 28 12
2 34 4
3 14 14
t 1098 35
m 18 8
1 28 13
2 34 5
3 15 14
t 1097 35
m 18 7
1 28 12
2 34 4
3 16 14
t 1096 35
m 18 7
1 29 12
2 33 4
3 15 14
t 1095 35
m 18 8
1 28 12
2 34 4
3 14 14
t 1094 35
m 18 9
1 29 12
2 34 3
3 14 15
t 1093 35
m 18 9
1 30 12
2 34 2
3 14 16
t 1092 35
m 18 10
1 30 13
2 34 1
3 14 17
t 1091 35
m 18 9
1 31 13
2 34 2
3 14 18
t 1090 35
m 18 8
1 32 13
2 34 1
3 14 19
t 1089 35
m 18 8
1 31 13
2 34 0
3 14 18
t 1088 35
m 18 7
1 30 13
2 34 1
3 14 17
t 1087 35
m 18 8
1 30 12
2 34 0
3 14 18
t 1086 35
m 18 8
1 29 12
2 34 1
3 13 18
t 1085 35
m 18 8
1 28 12
2 34 2
3 12 18
t 1084 35
m 18 7
1 29 12
2 34 3
3 11 18
t 1083 35
m 18 7
1 28 12
2 34 4
3 10 18
t 1082 35
m 18 6
1 28 13
2 33 4
3 10 19
t 1081 35
m 19 6
1 28 14
2 32 4
3 10 18
t 1080 35
m 19 6
1 28 13
2 31 4
3 10 17
t 1079 35
m 18 6
1 28 12
2 31 3
3 10 18
t 1078 35
m 18 6
1 29 12
2 31 4
3 11 18
t 1077 35
m 18 7
1 28 12
2 31 5
3 12 18
t 1076 35
m 18 6
1 29 12
2 30 5
3 11 18
t 1075 35
m 19 6
1 28 12
2 31 5
3 10 18
t 1074 35
m 18 6
1 28 13
2 32 5
3 11 18
t 1073 35
m 18 7
1 28 14
2 32 6
3 12 18
t 1072 35
m 18 8
1 28 15
2 32 5
3 11 18
t 1071 35
m 18 8
1 28 14
2 31 5
3 10 18
t 1070 35
m 18 9
1 28 13
2 32 5
3 10 17
t 1069 35
m 18 10
1 28 14
2 32 6
3 10 16
t 1068 35
m 18 9
1 28 15
2 32 7
3 10 17
t 1067 35
m 18 9
1 28 14
2 32 8
3 10 18
t 1066 35
m 18 9
1 28 15
2 32 9
3 10 19
t 1065 35
m 18 8
1 27 15
2 32 8
3 9 19
t 1064 35
m 18 9
1 26 15
2 32 9
3 10 19
t 1063 35
m 18 10
1 27 15
2 32 10
3 10 18
t 1062 35
m 17 10
1 26 15
2 33 10
3 10 19
t 1061 35
m 17 10
1 27 15
2 34 10
3 9 19
t 1060 35
m 17 10
1 26 15
2 33 10
3 10 19
t 1059 35
m 16 10
1 25 15
2 34 10
3 9 19
t 1058 35
m 17 10
1 26 15
2 34 9
3 10 19
t 1057 35
m 18 10
1 25 15
2 34 10
3 9 19
t 1056 35
m 18 10
1 26 15
2 34 9
3 8 19
t 1055 35
m 17 10
1 25 15
2 34 10
3 7 19
t 1054 35
m 17 10
1 24 15
2 34 11
3 8 19
t 1053 35
m 17 10
1 25 15
2 34 12
3 7 19
t 1052 35
m 18 10
1 24 15
2 34 11
3 8 19
t 1051 35
m 18 9
1 24 16
2 34 10
3 7 19
t 1050 35
m 18 8
1 24 17
2 33 10
3 6 19
t 1049 35
m 18 7
1 24 18
2 32 10
3 7 19
t 1048 35
m 18 6
1 23 18
2 32 9
3 6 19
t 1047 35
m 18 7
1 24 18
2 32 8
3 5 19
t 1046 35
m 18 8
1 24 17
2 32 9
3 4 19
t 1045 35
m 18 7
1 24 16
2 32 8
3 5 19
t 1044 35
m 18 6
1 24 17
2 32 9
3 6 19
t 1043 35
m 18 6
1 24 16
2 32 8
3 7 19
t 1042 35
m 19 6
1 24 17
2 32 9
3 6 19
t 1041 35
m 18 6
1 24 18
2 32 8
3 7 19
t 1040 35
m 18 6
1 23 18
2 32 9
3 6 19
t 1039 35
m 19 6
1 22 18
2 32 8
3 7 19
t 1038 35
m 20 6
1 23 18
2 32 7
3 6 19
t 1037 35
m 20 7
1 24 18
2 32 6
3 5 19
t 1036 35
m 20 8
1 24 19
2 32 7
3 4 19
t 1035 35
m 20 9
1 25 19
2 32 8
3 3 19
t 1034 35
m 20 10
1 24 19
2 32 7
3 3 18
t 1033 35
m 21 10
1 24 18
2 33 7
3 3 17
t 1032 36
m 22 10
1 24 17
2 34 7
3 3 18
t 1031 36
m 22 10
1 24 18
2 34 8
3 3 19
t 1030 36
m 23 10
1 24 19
2 34 9
3 4 19
t 1029 36
m 23 9
1 24 18
2 34 8
3 3 19
t 1028 37
m 23 8
1 24 17
2 34 9
3 3 18
t 1027 37
m 23 7
1 24 18
2 34 10
3 3 19
t 1026 37
m 22 7
1 24 19
2 34 9
3 2 19
t 1025 38
m 22 7
1 24 18
2 34 10
3 3 19
t 1024 38
m 22 7
1 23 18
2 33 10
3 3 18
t 1023 38
m 23 7
1 22 18
2 32 10
3 3 17
t 1022 38
m 24 7
1 23 18
2 32 9
3 2 17
t 1021 38
m 25 7
1 22 18
2 32 8
3 3 17
t 1020 39
m 25 7
1 23 18
2 32 7
3 2 17
t 1019 39
m 24 7
1 22 18
2 32 8
3 1 17
t 1018 39
m 24 7
1 21 18
2 32 7
3 2 17
t 1017 39
m 24 7
1 20 18
2 33 7
3 3 17
t 1016 39
m 25 7
1 21 18
2 32 7
3 2 17
t 1015 39
m 26 7
1 20 18
2 33 7
3 1 17
t 1014 40
m 27 7
1 21 18
2 32 7
3 2 17
t 1013 40
m 27 6
1 20 18
2 32 6
3 1 17
t 1012 41
m 27 7
1 21 18
2 32 5
3 0 17
t 1011 41
m 27 6
1 22 18
2 32 6
3 0 18
t 1010 41
m 27 5
1 23 18
2 32 5
3 0 19
t 1009 41
m 27 5
1 22 18
2 32 4
3 1 19
t 1008 41
m 27 6
1 23 18
2 31 4
3 2 19
t 1007 41
m 27 5
1 24 18
2 31 5
3 3 19
t 1006 41
m 28 5
1 24 19
2 30 5
3 4 19
t 1005 41
m 27 5
1 25 19
2 29 5
3 5 19
t 1004 41
m 27 5
1 24 19
2 30 5
3 4 19
t 1003 41
m 27 6
1 24 18
2 29 5
3 3 19
t 1002 41
m 27 7
1 23 18
2 30 5
3 3 18
t 1001 41
m 27 7
1 24 18
2 29 5
3 3 19
t 1000 41
m 26 7
1 23 18
2 28 5
3 3 18
t 999 41
m 27 7
1 22 18
2 27 5
3 3 19
t 998 41
m 26 7
1 23 18
2 27 6
3 4 19
t 997 41
m 25 7
1 24 18
2 27 5
3 3 19
t 996 41
m 25 7
1 23 18
2 27 6
3 2 19
t 995 41
m 25 7
1 24 18
2 27 5
3 3 19
t 994 41
m 25 7
1 24 17
2 28 5
3 4 19
t 993 41
m 24 7
1 24 16
2 29 5
3 3 19
t 992 41
m 23 7
1 24 15
2 28 5
3 3 18
t 991 41
m 24 7
1 25 15
2 29 5
3 3 17
t 990 41
m 25 7
1 24 15
2 30 5
3 3 16
t 989 41
m 26 7
1 25 15
2 31 5
3 3 15
t 988 41
m 27 7
1 26 15
2 30 5
3 2 15
t 987 41
m 26 7
1 25 15
2 30 6
3 1 15
t 986 41
m 27 7
1 24 15
2 30 7
3 0 15
t 985 41
m 27 6
1 25 15
2 30 8
3 1 15
t 984 41
m 27 5
1 24 15
2 30 9
3 0 15
t 983 41
m 27 5
1 24 16
2 30 8
3 0 16
t 982 41
m 28 5
1 24 17
2 30 7
3 0 17
t 981 41
m 28 5
1 24 18
2 30 6
3 0 16
t 980 41
m 27 5
1 23 18
2 30 7
3 0 17
t 979 41
m 27 5
1 22 18
2 30 6
3 1 17
t 978 41
m 27 5
1 21 18
2 30 7
3 0 17
t 977 41
m 27 5
1 20 18
2 30 8
3 0 16
t 976 41
m 27 5
1 20 19
2 30 7
3 0 15
t 975 41
m 27 5
1 20 18
2 30 8
3 0 16
t 974 41
m 28 5
1 20 17
2 30 7
3 0 17
t 973 41
m 27 5
1 20 16
2 30 6
3 0 18
t 972 41
m 28 5
1 20 17
2 30 5
3 0 19
t 971 41
m 27 5
1 20 16
2 29 5
3 1 19
t 970 41
m 27 6
1 20 15
2 28 5
3 2 19
t 969 41
m 27 7
1 20 16
2 27 5
3 3 19
t 968 41
m 27 7
1 20 15
2 27 6
3 2 19
t 967 41
m 27 6
1 20 14
2 27 7
3 3 19
t 966 41
