35
20
m 0 19
1 34 0
2 34 0
3 34 0
w 3 0
w 4 0
w 5 0
w 6 0
w 28 0
w 29 0
w 30 0
w 31 0
w 1 1
w 3 1
w 4 1
w 5 1
w 6 1
w 8 1
w 9 1
w 11 1
w 12 1
w 13 1
w 14 1
w 16 1
w 17 1
w 18 1
w 20 1
w 21 1
w 22 1
w 23 1
w 25 1
w 26 1
w 28 1
w 29 1
w 30 1
w 31 1
w 33 1
w 1 2
w 8 2
w 9 2
w 25 2
w 26 2
w 33 2
w 1 3
w 3 3
w 4 3
w 5 3
w 6 3
w 7 3
w 8 3
w 9 3
w 10 3
w 11 3
w 12 3
w 14 3
w 15 3
w 16 3
w 17 3
w 18 3
w 19 3
w 20 3
w 22 3
w 23 3
w 24 3
w 25 3
w 26 3
w 27 3
w 28 3
w 29 3
w 30 3
w 31 3
w 33 3
w 1 4
w 3 4
w 4 4
w 5 4
w 6 4
w 7 4
w 8 4
w 9 4
w 10 4
w 11 4
w 12 4
w 14 4
w 15 4
w 16 4
w 17 4
w 18 4
w 19 4
w 20 4
w 22 4
w 23 4
w 24 4
w 25 4
w 26 4
w 27 4
w 28 4
w 29 4
w 30 4
w 31 4
w 33 4
w 1 5
w 3 5
w 4 5
w 5 5
w 6 5
w 7 5
w 8 5
w 9 5
w 10 5
w 11 5
w 12 5
w 14 5
w 15 5
w 16 5
w 17 5
w 18 5
w 19 5
w 20 5
w 22 5
w 23 5
w 24 5
w 25 5
w 26 5
w 27 5
w 28 5
w 29 5
w 30 5
w 31 5
w 33 5
w 1 6
w 7 6
w 8 6
w 9 6
w 10 6
w 11 6
w 12 6
w 14 6
w 15 6
w 16 6
w 17 6
w 18 6
w 19 6
w 20 6
w 22 6
w 23 6
w 24 6
w 25 6
w 26 6
w 27 6
w 33 6
w 1 7
w 2 7
w 3 7
w 4 7
w 5 7
w 29 7
w 30 7
w 31 7
w 32 7
w 33 7
w 7 8
w 8 8
w 9 8
w 10 8
w 11 8
w 12 8
w 13 8
w 15 8
w 16 8
w 17 8
w 18 8
w 19 8
w 21 8
w 22 8
w 23 8
w 24 8
w 25 8
w 26 8
w 27 8
w 1 9
w 2 9
w 3 9
w 4 9
w 5 9
w 12 9
w 13 9
w 21 9
w 22 9
w 29 9
w 30 9
w 31 9
w 32 9
w 33 9
w 1 10
w 2 10
w 3 10
w 4 10
w 5 10
w 6 10
w 7 10
w 8 10
w 9 10
w 10 10
w 12 10
w 13 10
w 14 10
w 15 10
w 16 10
w 17 10
w 18 10
w 19 10
w 20 10
w 21 10
w 22 10
w 24 10
w 25 10
w 26 10
w 27 10
w 28 10
w 29 10
w 30 10
w 31 10
w 32 10
w 33 10
w 1 11
w 2 11
w 3 11
w 4 11
w 5 11
w 6 11
w 7 11
w 8 11
w 9 11
w 10 11
w 12 11
w 13 11
w 14 11
w 15 11
w 16 11
w 17 11
w 18 11
w 19 11
w 20 11
w 21 11
w 22 11
w 24 11
w 25 11
w 26 11
w 27 11
w 28 11
w 29 11
w 30 11
w 31 11
w 32 11
w 33 11
w 12 12
w 13 12
w 14 12
w 15 12
w 16 12
w 17 12
w 18 12
w 19 12
w 20 12
w 21 12
w 22 12
w 1 13
w 2 13
w 3 13
w 4 13
w 5 13
w 6 13
w 7 13
w 8 13
w 9 13
w 10 13
w 12 13
w 13 13
w 14 13
w 15 13
w 16 13
w 17 13
w 18 13
w 19 13
w 20 13
w 21 13
w 22 13
w 24 13
w 25 13
w 26 13
w 27 13
w 28 13
w 29 13
w 30 13
w 31 13
w 32 13
w 33 13
w 1 14
w 2 14
w 3 14
w 4 14
w 5 14
w 6 14
w 7 14
w 8 14
w 9 14
w 10 14
w 12 14
w 13 14
w 17 14
w 21 14
w 22 14
w 24 14
w 25 14
w 26 14
w 27 14
w 28 14
w 29 14
w 30 14
w 31 14
w 32 14
w 33 14
w 1 15
w 2 15
w 3 15
w 4 15
w 5 15
w 6 15
w 7 15
w 8 15
w 9 15
w 10 15
w 12 15
w 13 15
w 15 15
w 17 15
w 19 15
w 21 15
w 22 15
w 24 15
w 25 15
w 26 15
w 27 15
w 28 15
w 29 15
w 30 15
w 31 15
w 32 15
w 33 15
w 1 16
w 2 16
w 3 16
w 31 16
w 32 16
w 33 16
w 1 17
w 2 17
w 3 17
w 5 17
w 6 17
w 8 17
w 9 17
w 10 17
w 11 17
w 12 17
w 13 17
w 14 17
w 15 17
w 16 17
w 17 17
w 18 17
w 19 17
w 20 17
w 21 17
w 22 17
w 23 17
w 24 17
w 25 17
w 26 17
w 28 17
w 29 17
w 31 17
w 32 17
w 33 17
w 1 18
w 2 18
w 3 18
w 5 18
w 6 18
w 8 18
w 9 18
w 10 18
w 11 18
w 12 18
w 13 18
w 14 18
w 15 18
w 16 18
w 17 18
w 18 18
w 19 18
w 20 18
w 21 18
w 22 18
w 23 18
w 24 18
w 25 18
w 26 18
w 28 18
w 29 18
w 31 18
w 32 18
w 33 18
w 8 19
w 9 19
w 10 19
w 11 19
w 12 19
w 13 19
w 14 19
w 15 19
w 16 19
w 17 19
w 18 19
w 19 19
w 20 19
w 21 19
w 22 19
w 23 19
w 24 19
w 25 19
w 26 19
p 1 0
p 2 0
p 8 0
p 9 0
p 10 0
p 12 0
p 17 0
p 20 0
p 21 0
p 22 0
p 24 0
p 25 0
p 27 0
p 34 0
p 2 1
p 10 1
p 15 1
p 24 1
p 27 1
p 32 1
p 0 2
p 3 2
p 4 2
p 5 2
p 6 2
p 10 2
p 11 2
p 12 2
p 13 2
p 16 2
p 20 2
p 22 2
p 23 2
p 24 2
p 27 2
p 30 2
p 32 2
p 0 3
p 2 3
p 13 3
p 32 3
p 0 4
p 13 4
p 32 4
p 21 5
p 4 6
p 5 6
p 6 6
p 21 6
p 30 6
p 32 6
p 0 7
p 6 7
p 7 7
p 9 7
p 11 7
p 12 7
p 13 7
p 15 7
p 16 7
p 17 7
p 19 7
p 22 7
p 23 7
p 24 7
p 25 7
p 26 7
p 27 7
p 34 7
p 1 8
p 3 8
p 5 8
p 6 8
p 14 8
p 28 8
p 29 8
p 30 8
p 34 8
p 8 9
p 9 9
p 10 9
p 24 9
p 26 9
p 27 9
p 34 9
p 0 10
p 11 10
p 23 10
p 34 10
p 0 11
p 11 11
p 23 11
p 34 11
p 2 12
p 4 12
p 6 12
p 8 12
p 10 12
p 11 12
p 23 12
p 31 12
p 32 12
p 33 12
p 11 13
p 23 13
p 14 14
p 19 14
p 20 14
p 0 15
p 14 15
p 16 15
p 18 15
p 23 15
p 34 15
p 5 16
p 6 16
p 7 16
p 12 16
p 15 16
p 17 16
p 18 16
p 19 16
p 23 16
p 27 16
p 28 16
p 0 17
p 7 17
p 34 17
p 0 18
p 27 18
p 30 18
p 1 19
p 2 19
p 4 19
p 6 19
p 28 19
p 29 19
p 30 19
p 33 19
t 1400 0
m 0 18
1 34 1
2 34 1
3 34 1
t 1399 0
m 0 17
1 34 2
2 34 2
3 34 2
t 1398 1
m 0 16
1 34 3
2 34 3
3 34 3
t 1397 1
m 0 15
1 34 4
2 34 4
3 34 4
t 1396 2
m 0 14
1 34 5
2 34 5
3 34 5
t 1395 2
m 0 13
1 34 6
2 34 6
3 34 6
t 1394 2
m 0 12
1 34 7
2 34 7
3 34 7
t 1393 2
m 0 11
1 34 8
2 34 8
3 34 8
t 1392 2
m 0 10
1 33 8
2 33 8
3 33 8
t 1391 3
m 0 9
1 32 8
2 32 8
3 32 8
t 1390 3
m 0 8
1 31 8
2 31 8
3 31 8
t 1389 3
m 0 7
1 30 8
2 30 8
3 30 8
t 1388 4
m 0 8
1 29 8
2 29 8
3 29 8
t 1387 4
m 1 8
1 28 8
2 28 8
3 28 8
t 1386 5
m 2 8
1 28 9
2 28 9
3 28 9
t 1385 5
m 3 8
1 28 8
2 27 9
3 27 9
t 1384 5
m 4 8
1 28 7
2 26 9
3 26 9
t 1383 5
m 5 8
1 28 8
2 25 9
3 25 9
t 1382 6
m 6 8
1 28 7
2 24 9
3 24 9
f 11 15
t 1381 7
m 6 7
1 28 8
2 23 9
3 23 9
t 1380 7
m 7 7
1 28 7
2 24 9
3 24 9
t 1379 8
m 8 7
1 28 6
2 23 9
3 23 9
t 1378 8
m 9 7
1 28 7
2 24 9
3 24 9
t 1377 9
m 10 7
1 27 7
2 23 9
3 23 9
t 1376 9
m 11 7
1 26 7
2 24 9
3 24 9
t 1375 10
m 12 7
1 25 7
2 23 9
3 23 9
t 1374 10
m 13 7
1 24 7
2 24 9
3 24 9
t 1373 11
m 14 7
1 23 7
2 23 9
3 23 9
t 1372 11
m 14 8
1 22 7
2 24 9
3 24 9
t 1371 12
m 14 7
1 21 7
2 23 9
3 23 9
t 1370 12
m 14 7
1 20 7
2 24 9
3 24 9
t 1369 12
m 14 7
1 19 7
2 23 9
3 23 9
t 1368 12
m 14 8
1 18 7
2 24 9
3 24 9
t 1367 12
m 14 9
1 17 7
2 23 9
3 23 9
t 1366 12
m 14 9
1 16 7
2 24 9
3 24 9
t 1365 12
m 14 9
1 15 7
2 23 9
3 23 9
t 1364 12
m 14 9
1 14 7
2 24 9
3 24 9
t 1363 12
m 15 9
1 14 8
2 23 9
3 23 9
t 1362 12
m 16 9
1 14 9
2 24 9
3 24 9
t 1361 12
m 17 9
1 15 9
2 23 9
3 23 9
t 1360 12
m 18 9
1 16 9
2 24 9
3 24 9
t 1359 12
m 19 9
1 17 9
2 23 9
3 23 9
t 1358 12
m 20 9
1 18 9
2 24 9
3 24 9
t 1357 12
m 20 8
1 19 9
2 23 9
3 23 9
t 1356 12
m 20 7
1 20 9
2 24 9
3 24 9
t 1355 12
m 19 7
1 20 8
2 23 9
3 23 9
t 1354 12
m 18 7
1 20 7
2 24 9
3 24 9
t 1353 12
m 17 7
1 19 7
2 23 9
3 23 9
t 1352 13
m 16 7
1 18 7
2 24 9
3 24 9
t 1351 14
m 15 7
1 17 7
2 23 9
3 23 9
t 1350 15
m 14 7
1 16 7
2 24 9
3 24 9
t 1349 15
m 13 7
1 15 7
2 23 9
3 23 9
t 1348 15
m 12 7
1 14 7
2 24 9
3 24 9
t 1347 15
m 11 7
1 13 7
2 23 9
3 23 9
t 1346 15
m 10 7
1 12 7
2 24 9
3 24 9
t 1345 15
m 9 7
1 11 7
2 23 9
3 23 9
t 1344 15
m 8 7
1 10 7
2 24 9
3 24 9
t 1343 15
m 7 7
1 9 7
2 23 9
3 23 9
t 1342 15
m 6 7
1 8 7
2 24 9
3 24 9
t 1341 15
m 6 6
1 7 7
2 25 9
3 25 9
t 1340 15
m 5 6
1 6 7
2 26 9
3 26 9
t 1339 16
m 4 6
1 6 6
2 25 9
3 25 9
t 1338 17
m 3 6
1 5 6
2 26 9
3 24 9
t 1337 17
m 2 6
1 4 6
2 27 9
3 23 9
t 1336 17
m 2 5
1 3 6
2 28 9
3 24 9
t 1335 17
m 2 4
1 2 6
2 28 8
3 23 9
t 1334 17
m 2 3
1 2 5
2 29 8
3 24 9
t 1333 17
m 2 2
1 2 4
2 28 8
3 25 9
t 1332 17
m 3 2
1 2 3
2 28 7
3 26 9
t 1331 18
m 4 2
1 2 2
2 28 6
3 25 9
t 1330 19
m 5 2
1 3 2
2 29 6
3 26 9
t 1329 20
m 6 2
1 4 2
2 30 6
3 25 9
t 1328 20
m 7 2
1 5 2
2 31 6
3 24 9
t 1327 20
m 7 1
1 6 2
2 30 6
3 25 9
t 1326 20
m 7 0
1 7 2
2 31 6
3 24 9
t 1325 20
m 8 0
1 7 1
2 32 6
3 23 9
t 1324 21
m 9 0
1 7 0
2 32 5
3 24 9
t 1323 22
m 10 0
1 8 0
2 32 4
3 25 9
t 1322 23
m 10 1
1 9 0
2 32 3
3 26 9
t 1321 23
m 10 2
1 10 0
2 32 2
3 27 9
t 1320 24
m 11 2
1 10 1
2 32 1
3 26 9
t 1319 25
m 12 2
1 10 2
2 32 2
3 27 9
t 1318 25
m 13 2
1 11 2
2 31 2
3 28 9
t 1317 26
m 13 3
1 12 2
2 30 2
3 28 8
t 1316 27
m 13 4
1 13 2
2 31 2
3 28 7
t 1315 28
m 13 5
1 13 3
2 30 2
3 27 7
t 1314 28
m 13 6
1 13 4
2 29 2
3 26 7
t 1313 28
m 13 7
1 13 5
2 28 2
3 25 7
t 1312 28
m 12 7
1 13 6
2 29 2
3 24 7
t 1311 28
m 11 7
1 13 7
2 28 2
3 23 7
t 1310 28
m 10 7
1 12 7
2 27 2
3 22 7
t 1309 28
m 9 7
1 11 7
2 28 2
3 21 7
t 1308 28
m 8 7
1 10 7
2 27 2
3 20 7
t 1307 28
m 7 7
1 9 7
2 28 2
3 21 7
t 1306 28
m 6 7
1 8 7
2 29 2
3 21 6
t 1305 28
m 6 8
1 7 7
2 30 2
3 21 5
t 1304 28
m 6 9
1 6 7
2 31 2
3 21 6
t 1303 28
m 7 9
1 6 8
2 30 2
3 21 7
t 1302 28
m 8 9
1 6 9
2 29 2
3 20 7
t 1301 28
m 9 9
1 7 9
2 30 2
3 19 7
t 1300 29
m 10 9
1 8 9
2 29 2
3 18 7
t 1299 30
m 11 9
1 9 9
2 30 2
3 17 7
t 1298 30
m 11 10
1 10 9
2 31 2
3 16 7
t 1297 30
m 11 11
1 11 9
2 30 2
3 15 7
t 1296 31
m 11 12
1 11 10
2 31 2
3 14 7
t 1295 32
m 11 13
1 11 11
2 30 2
3 13 7
t 1294 33
m 11 14
1 11 12
2 29 2
3 12 7
t 1293 33
m 11 15
1 11 13
2 28 2
3 13 7
t 1292 43
m 11 16
1 11 14
2 27 2
3 12 7
t 1291 43
m 12 16
1 11 15
2 27 1
3 11 7
t 1290 43
m 13 16
1 11 16
2 27 2
3 12 7
t 1289 43
m 14 16
1 12 16
2 28 2
3 13 7
t 1288 43
m 15 16
1 13 16
2 29 2
3 14 7
t 1287 44
m 16 16
1 14 16
2 28 2
3 15 7
t 1286 44
m 17 16
1 15 16
2 27 2
3 16 7
t 1285 45
m 18 16
1 16 16
2 27 1
3 17 7
t 1284 45
m 19 16
1 17 16
2 27 0
3 18 7
t 1283 46
m 20 16
1 18 16
2 26 0
3 19 7
t 1282 46
m 20 15
1 19 16
2 25 0
3 20 7
t 1281 46
m 20 14
1 20 16
2 24 0
3 20 8
t 1280 47
m 19 14
1 20 15
2 23 0
3 20 9
t 1279 48
m 18 14
1 20 14
2 22 0
3 19 9
t 1278 48
m 18 15
1 19 14
2 21 0
3 18 9
t 1277 48
m 18 16
1 18 14
2 20 0
3 17 9
t 1276 48
m 17 16
1 18 15
2 19 0
3 18 9
t 1275 48
m 16 16
1 18 16
2 19 1
3 17 9
t 1274 48
m 16 15
1 17 16
2 19 0
3 16 9
t 1273 49
m 16 14
1 16 16
2 18 0
3 17 9
t 1272 49
m 15 14
1 16 15
2 17 0
3 16 9
t 1271 49
m 14 14
1 16 14
2 16 0
3 15 9
t 1270 50
m 14 15
1 15 14
2 17 0
3 14 9
t 1269 51
m 14 16
1 14 14
2 16 0
3 15 9
t 1268 51
m 13 16
1 14 15
2 15 0
3 14 9
t 1267 51
m 12 16
1 14 16
2 14 0
3 15 9
t 1266 51
m 11 16
1 13 16
2 13 0
3 14 9
t 1265 51
m 10 16
1 12 16
2 12 0
3 15 9
t 1264 51
m 9 16
1 11 16
2 11 0
3 14 9
t 1263 51
m 8 16
1 10 16
2 10 0
3 14 8
t 1262 51
m 7 16
1 9 16
2 9 0
3 14 9
t 1261 51
m 7 17
1 8 16
2 8 0
3 14 8
t 1260 52
m 7 18
1 7 16
2 7 0
3 14 9
t 1259 52
m 7 19
1 7 17
2 7 1
3 14 8
t 1258 52
m 6 19
1 7 18
2 7 2
3 14 9
t 1257 53
m 5 19
1 7 19
2 6 2
3 15 9
t 1256 53
m 4 19
1 6 19
2 7 2
3 14 9
t 1255 53
m 3 19
1 5 19
2 6 2
3 15 9
t 1254 53
m 2 19
1 4 19
2 5 2
3 14 9
t 1253 54
m 1 19
1 3 19
2 4 2
3 14 8
t 1252 55
m 0 19
1 2 19
2 3 2
3 14 7
t 1251 55
m 0 18
1 1 19
2 2 2
3 14 8
t 1250 55
m 0 17
1 0 19
2 2 3
3 14 7
t 1249 55
m 0 16
1 0 18
2 2 4
3 14 8
t 1248 55
m 0 15
1 0 17
2 2 5
3 14 9
t 1247 55
m 0 14
1 0 16
2 2 6
3 15 9
t 1246 55
m 0 13
1 0 15
2 3 6
3 14 9
t 1245 55
m 0 12
1 0 14
2 2 6
3 15 9
t 1244 55
m 1 12
1 0 13
2 2 5
3 14 9
t 1243 55
m 2 12
1 0 12
2 2 6
3 15 9
t 1242 56
m 3 12
1 1 12
2 3 6
3 14 9
t 1241 56
m 4 12
1 2 12
2 4 6
3 15 9
t 1240 56
m 5 12
1 3 12
2 5 6
3 14 9
t 1239 56
m 6 12
1 4 12
2 4 6
3 15 9
t 1238 57
m 7 12
1 5 12
2 5 6
3 14 9
t 1237 57
m 8 12
1 6 12
2 6 6
3 14 8
t 1236 58
m 9 12
1 7 12
2 6 7
3 14 9
t 1235 58
m 10 12
1 8 12
2 7 7
3 15 9
t 1234 58
m 11 12
1 9 12
2 8 7
3 14 9
t 1233 58
m 11 13
1 10 12
2 9 7
3 15 9
t 1232 58
m 11 14
1 11 12
2 10 7
3 14 9
t 1231 58
m 11 15
1 11 13
2 11 7
3 15 9
t 1230 58
m 11 16
1 11 14
2 10 7
3 14 9
t 1229 58
m 10 16
1 11 15
2 11 7
3 15 9
t 1228 58
m 9 16
1 11 16
2 10 7
3 14 9
t 1227 58
m 8 16
1 10 16
2 9 7
3 15 9
t 1226 58
m 7 16
1 9 16
2 8 7
3 14 9
t 1225 58
m 6 16
1 8 16
2 7 7
3 15 9
t 1224 59
m 5 16
1 7 16
2 6 7
3 14 9
t 1223 60
m 4 16
1 6 16
2 6 8
3 15 9
t 1222 60
m 4 17
1 5 16
2 6 9
3 14 9
t 1221 60
m 4 18
1 4 16
2 7 9
3 14 8
t 1220 60
m 4 19
1 4 17
2 6 9
3 14 9
t 1219 60
m 3 19
1 4 18
2 6 8
3 15 9
t 1218 60
m 2 19
1 4 19
2 5 8
3 14 9
t 1217 60
m 1 19
1 3 19
2 4 8
3 15 9
t 1216 60
m 0 19
1 2 19
2 3 8
3 14 9
t 1215 60
m 0 18
1 1 19
2 2 8
3 15 9
t 1214 60
m 0 17
1 0 19
2 1 8
3 14 9
t 1213 60
m 0 16
1 0 18
2 0 8
3 14 8
t 1212 60
m 0 15
1 0 17
2 0 9
3 14 9
t 1211 60
m 0 14
1 0 16
2 0 10
3 15 9
t 1210 60
m 0 13
1 0 15
2 0 11
3 14 9
t 1209 60
m 0 13
1 0 14
2 0 12
3 15 9
t 1208 60
m 0 12
1 0 15
2 1 12
3 14 9
t 1207 60
m 1 12
1 0 14
2 2 12
3 15 9
t 1206 60
m 2 12
1 0 13
2 3 12
3 14 9
t 1205 60
m 3 12
1 0 12
2 4 12
3 15 9
t 1204 60
m 4 12
1 1 12
2 5 12
3 14 9
t 1203 60
m 5 12
1 2 12
2 6 12
3 15 9
t 1202 60
m 6 12
1 3 12
2 7 12
3 14 9
t 1201 60
m 7 12
1 4 12
2 8 12
3 15 9
t 1200 60
m 8 12
1 5 12
2 9 12
3 14 9
t 1199 60
m 9 12
1 6 12
2 10 12
3 14 8
t 1198 60
m 10 12
1 7 12
2 11 12
3 14 9
t 1197 60
m 11 12
1 8 12
2 11 11
3 14 8
t 1196 60
m 11 11
1 9 12
2 11 10
3 14 9
t 1195 60
m 11 10
1 10 12
2 11 9
3 14 8
t 1194 60
m 11 9
1 11 12
2 10 9
3 14 9
t 1193 60
m 10 9
1 11 11
2 9 9
3 15 9
t 1192 60
m 9 9
1 11 10
2 8 9
3 14 9
t 1191 60
m 8 9
1 11 9
2 7 9
3 15 9
t 1190 60
m 7 9
1 10 9
2 6 9
3 14 9
t 1189 60
m 6 9
1 9 9
2 6 8
3 14 8
t 1188 60
m 6 8
1 8 9
2 5 8
3 14 9
t 1187 60
m 5 8
1 7 9
2 4 8
3 14 8
t 1186 60
m 4 8
1 6 9
2 3 8
3 14 9
t 1185 60
m 3 8
1 6 8
2 2 8
3 14 8
t 1184 60
m 2 8
1 5 8
2 1 8
3 14 9
t 1183 60
m 1 8
1 4 8
2 0 8
3 14 8
t 1182 60
m 0 8
1 3 8
2 0 9
3 14 9
t 1181 60
m 0 9
1 2 8
2 0 10
3 14 8
t 1180 60
m 0 10
1 1 8
2 0 11
3 14 9
t 1179 60
m 0 11
1 0 8
2 0 12
3 14 8
t 1178 60
m 0 12
1 0 9
2 1 12
3 14 9
t 1177 60
m 1 12
1 0 10
2 2 12
3 15 9
t 1176 60
m 2 12
1 0 11
2 3 12
3 14 9
t 1175 60
m 3 12
1 0 12
2 4 12
3 15 9
t 1174 60
m 4 12
1 1 12
2 5 12
3 14 9
t 1173 60
m 5 12
1 2 12
2 6 12
3 14 8
t 1172 60
m 6 12
1 3 12
2 7 12
3 14 9
t 1171 60
m 7 12
1 4 12
2 8 12
3 14 8
f 0 12
t 1170 60
m 8 12
1 5 12
2 9 12
3 14 9
t 1169 60
m 9 12
1 6 12
2 10 12
3 14 8
t 1168 60
m 10 12
1 7 12
2 11 12
3 14 9
t 1167 60
m 11 12
1 8 12
2 11 11
3 14 8
t 1166 60
m 11 11
1 9 12
2 11 10
3 14 9
t 1165 60
m 11 10
1 10 12
2 11 9
3 14 8
t 1164 60
m 11 9
1 11 12
2 10 9
3 14 9
t 1163 60
m 10 9
1 11 11
2 9 9
3 15 9
t 1162 60
m 9 9
1 11 10
2 8 9
3 14 9
t 1161 60
m 8 9
1 11 9
2 7 9
3 15 9
t 1160 60
m 7 9
1 10 9
2 6 9
3 14 9
t 1159 60
m 6 9
1 9 9
2 6 8
3 14 8
t 1158 60
m 6 8
1 8 9
2 6 7
3 14 9
t 1157 60
m 6 7
1 7 9
2 7 7
3 14 8
t 1156 60
m 7 7
1 6 9
2 8 7
3 14 7
t 1155 60
m 8 7
1 7 9
2 9 7
3 13 7
t 1154 60
m 9 7
1 8 9
2 10 7
3 12 7
t 1153 60
m 10 7
1 9 9
2 11 7
3 11 7
t 1152 60
m 11 7
1 10 9
2 12 7
3 12 7
t 1151 60
m 12 7
1 11 9
2 13 7
3 13 7
t 1150 60
m 13 7
1 11 10
2 13 6
3 14 7
t 1149 60
m 13 6
1 11 9
2 13 5
3 14 8
t 1148 60
m 13 5
1 11 10
2 13 4
3 14 7
t 1147 60
m 13 4
1 11 9
2 13 3
3 13 7
t 1146 60
m 13 3
1 10 9
2 13 2
3 13 6
t 1145 60
m 13 2
1 11 9
2 12 2
3 13 5
t 1144 60
m 12 2
1 10 9
2 11 2
3 13 4
t 1143 60
m 11 2
1 11 9
2 10 2
3 13 3
t 1142 60
m 10 2
1 11 10
2 10 1
3 13 2
t 1141 60
m 10 1
1 11 9
2 10 0
3 12 2
t 1140 60
m 10 0
1 10 9
2 9 0
3 11 2
t 1139 60
m 9 0
1 9 9
2 8 0
3 10 2
t 1138 60
m 8 0
1 8 9
2 7 0
3 10 1
t 1137 60
m 7 0
1 9 9
2 7 1
3 10 0
t 1136 60
m 7 1
1 8 9
2 7 2
3 9 0
t 1135 60
m 7 2
1 7 9
2 6 2
3 8 0
t 1134 60
m 6 2
1 8 9
2 5 2
3 7 0
t 1133 60
m 5 2
1 7 9
2 4 2
3 7 1
t 1132 60
m 4 2
1 6 9
2 3 2
3 7 2
t 1131 60
m 3 2
1 6 8
2 2 2
3 6 2
t 1130 60
m 2 2
1 5 8
2 2 1
3 5 2
t 1129 60
m 2 1
1 4 8
2 2 0
3 4 2
t 1128 61
m 2 0
1 3 8
2 1 0
3 3 2
t 1127 61
m 1 0
1 4 8
2 0 0
3 2 2
t 1126 62
m 0 0
1 5 8
2 0 1
3 2 1
t 1125 62
m 0 1
1 6 8
2 0 2
3 2 0
t 1124 62
m 0 2
1 6 7
2 0 3
3 2 1
t 1123 63
m 0 3
1 6 6
2 0 4
3 2 2
t 1122 63
m 0 4
1 5 6
2 0 5
3 2 3
t 1121 64
m 0 5
1 4 6
2 0 6
3 2 4
t 1120 64
m 0 6
1 3 6
2 0 7
3 2 5
t 1119 64
m 0 7
1 2 6
2 0 8
3 2 6
t 1118 64
m 0 8
1 3 6
2 0 9
3 2 5
t 1117 64
m 0 9
1 2 6
2 0 10
3 2 4
t 1116 64
m 0 10
1 3 6
2 0 11
3 2 5
t 1115 64
m 0 11
1 2 6
2 0 12
3 2 6
t 1114 64
m 0 12
1 3 6
2 0 13
3 2 5
t 1113 74
m 0 13
1 2 6
2 0 14
3 2 6
t 1112 74
m 0 14
1 2 5
2 0 15
3 3 6
t 1111 74
m 0 15
1 2 6
2 0 16
3 2 6
t 1110 74
m 0 16
1 3 6
2 0 17
3 3 6
t 1109 74
m 0 17
1 2 6
2 0 18
3 2 6
t 1108 74
m 0 18
1 3 6
2 0 19
3 2 5
t 1107 74
m 0 19
1 2 6
2 1 19
3 2 4
t 1106 74
m 1 19
1 3 6
2 2 19
3 2 5
t 1105 74
m 2 19
1 2 6
2 3 19
3 2 6
t 1104 74
m 3 19
1 2 5
2 4 19
3 3 6
t 1103 74
m 4 19
1 2 6
2 5 19
3 4 6
t 1102 74
m 5 19
1 3 6
2 6 19
3 3 6
t 1101 74
m 6 19
1 4 6
2 7 19
3 4 6
t 1100 74
m 7 19
1 5 6
2 7 18
3 3 6
t 1099 74
m 7 18
1 6 6
2 7 17
3 4 6
t 1098 74
m 7 17
1 6 7
2 7 16
3 5 6
t 1097 74
m 7 16
1 6 8
2 6 16
3 6 6
t 1096 74
m 6 16
1 6 9
2 5 16
3 6 7
t 1095 74
m 5 16
1 6 8
2 4 16
3 6 8
t 1094 74
m 4 16
1 5 8
2 4 17
3 6 9
t 1093 74
m 4 17
1 4 8
2 4 18
3 6 8
t 1092 74
m 4 18
1 3 8
2 4 19
3 5 8
t 1091 74
m 4 19
1 4 8
2 5 19
3 4 8
t 1090 74
m 5 19
1 3 8
2 6 19
3 5 8
t 1089 74
m 6 19
1 4 8
2 7 19
3 4 8
t 1088 74
m 7 19
1 5 8
2 7 18
3 5 8
t 1087 74
m 7 18
1 6 8
2 7 17
3 6 8
t 1086 74
m 7 17
1 6 9
2 7 16
3 6 9
t 1085 74
m 7 16
1 7 9
2 6 16
3 7 9
t 1084 74
m 6 16
1 6 9
2 5 16
3 8 9
t 1083 74
m 5 16
1 6 8
2 4 16
3 7 9
t 1082 74
m 4 16
1 5 8
2 4 17
3 6 9
t 1081 74
m 4 17
1 4 8
2 4 18
3 7 9
t 1080 74
m 4 18
1 3 8
2 4 19
3 6 9
t 1079 74
m 4 19
1 4 8
2 3 19
3 6 8
t 1078 74
m 3 19
1 3 8
2 2 19
3 6 9
t 1077 74
m 2 19
1 2 8
2 1 19
3 6 8
t 1076 74
m 1 19
1 3 8
2 0 19
3 6 9
t 1075 74
m 0 19
1 2 8
2 0 18
3 7 9
t 1074 74
m 0 18
1 1 8
2 0 17
3 6 9
t 1073 74
m 0 17
1 0 8
2 0 16
3 7 9
t 1072 74
m 0 16
1 0 9
2 0 15
3 6 9
t 1071 74
m 0 15
1 0 10
2 0 14
3 7 9
t 1070 74
m 0 14
1 0 11
2 0 13
3 6 9
t 1069 74
m 0 13
1 0 12
2 0 12
3 7 9
t 1068 74
m 0 12
1 0 11
2 1 12
3 6 9
t 1067 74
m 1 12
1 0 10
2 2 12
3 7 9
t 1066 74
m 2 12
1 0 11
2 3 12
3 6 9
t 1065 74
m 3 12
1 0 12
2 4 12
3 6 8
t 1064 74
m 4 12
1 1 12
2 5 12
3 5 8
t 1063 74
m 5 12
1 2 12
2 6 12
3 4 8
t 1062 74
m 6 12
1 3 12
2 7 12
3 5 8
t 1061 74
m 7 12
1 4 12
2 8 12
3 6 8
t 1060 74
m 8 12
1 5 12
2 9 12
3 6 9
t 1059 74
m 9 12
1 6 12
2 10 12
3 7 9
t 1058 74
m 10 12
1 7 12
2 11 12
3 8 9
t 1057 74
m 11 12
1 8 12
2 11 13
3 9 9
t 1056 74
m 11 13
1 9 12
2 11 14
3 10 9
t 1055 74
m 11 14
1 10 12
2 11 15
3 11 9
t 1054 74
m 11 15
1 11 12
2 11 16
3 11 10
t 1053 74
m 11 16
1 11 13
2 10 16
3 11 11
t 1052 74
m 10 16
1 11 14
2 9 16
3 11 12
t 1051 74
m 9 16
1 11 15
2 8 16
3 10 12
t 1050 74
m 8 16
1 11 16
2 7 16
3 9 12
t 1049 74
m 7 16
1 10 16
2 6 16
3 8 12
t 1048 74
m 6 16
1 9 16
2 5 16
3 7 12
t 1047 74
m 5 16
1 8 16
2 4 16
3 6 12
t 1046 74
m 4 16
1 7 16
2 4 17
3 5 12
t 1045 74
m 4 17
1 6 16
2 4 18
3 4 12
t 1044 74
m 4 18
1 5 16
2 4 19
3 5 12
t 1043 74
m 4 19
1 4 16
2 3 19
3 4 12
t 1042 74
m 3 19
1 4 17
2 2 19
3 5 12
t 1041 74
m 2 19
1 4 18
2 1 19
3 4 12
t 1040 74
m 1 19
1 4 19
2 0 19
3 3 12
t 1039 74
m 0 19
1 3 19
2 0 18
3 2 12
t 1038 74
m 0 18
1 2 19
2 0 17
3 1 12
t 1037 74
m 0 17
1 1 19
2 0 16
3 0 12
t 1036 74
m 0 16
1 0 19
2 0 15
3 0 13
t 1035 74
m 0 15
1 0 18
2 0 14
3 0 14
t 1034 74
m 0 14
1 0 17
2 0 13
3 0 13
t 1033 74
m 0 13
1 0 16
2 0 12
3 0 12
t 1032 74
m 0 12
1 0 15
2 0 11
3 0 11
t 1031 74
m 0 11
1 0 14
2 0 10
3 0 10
t 1030 74
m 0 10
1 0 13
2 0 9
3 0 9
t 1029 74
m 0 9
1 0 12
2 0 8
3 0 8
t 1028 74
m 0 8
1 0 11
2 1 8
3 1 8
t 1027 74
m 1 8
1 0 10
2 2 8
3 2 8
t 1026 74
m 2 8
1 0 9
2 3 8
3 3 8
t 1025 74
m 3 8
1 0 8
2 4 8
3 4 8
t 1024 74
m 4 8
1 1 8
2 5 8
3 5 8
t 1023 74
m 5 8
1 2 8
2 6 8
3 6 8
t 1022 74
m 6 8
1 3 8
2 6 9
3 6 9
t 1021 74
m 6 9
1 4 8
2 7 9
3 7 9
t 1020 74
m 7 9
1 5 8
2 8 9
3 8 9
t 1019 74
m 8 9
1 6 8
2 9 9
3 9 9
t 1018 74
m 9 9
1 6 9
2 10 9
3 10 9
t 1017 74
m 10 9
1 7 9
2 11 9
3 11 9
t 1016 74
m 11 9
1 8 9
2 11 10
3 11 10
t 1015 74
m 11 10
1 9 9
2 11 11
3 11 11
t 1014 74
m 11 11
1 10 9
2 11 12
3 11 12
t 1013 74
m 11 12
1 11 9
2 11 13
3 10 12
t 1012 74
m 11 13
1 11 10
2 11 14
3 9 12
t 1011 74
m 11 14
1 11 11
2 11 15
3 10 12
t 1010 74
m 11 15
1 11 12
2 11 16
3 11 12
t 1009 74
m 11 16
1 11 13
2 12 16
3 11 13
t 1008 74
m 12 16
1 11 14
2 13 16
3 11 14
t 1007 74
m 13 16
1 11 15
2 14 16
3 11 15
t 1006 74
m 14 16
1 11 16
2 14 15
3 11 16
t 1005 74
m 14 15
1 12 16
2 14 14
3 12 16
t 1004 74
m 14 14
1 13 16
2 15 14
3 13 16
t 1003 74
m 15 14
1 14 16
2 16 14
3 14 16
t 1002 74
m 16 14
1 14 15
2 16 15
3 15 16
t 1001 74
m 16 15
1 14 14
2 16 16
3 16 16
t 1000 74
m 16 16
1 14 15
2 15 16
3 17 16
t 999 74
m 17 16
1 14 16
2 14 16
3 18 16
t 998 74
m 18 16
1 15 16
2 15 16
3 18 15
t 997 74
m 18 15
1 16 16
2 16 16
3 18 14
t 996 74
m 18 14
1 17 16
2 17 16
3 19 14
t 995 74
m 19 14
1 18 16
2 18 16
3 20 14
t 994 74
m 20 14
1 18 15
2 18 15
3 20 15
t 993 74
m 20 15
1 18 14
2 18 14
3 20 16
t 992 74
m 20 16
1 18 15
2 19 14
3 19 16
t 991 74
m 19 16
1 18 16
2 20 14
3 18 16
t 990 74
m 18 16
1 17 16
2 19 14
3 18 15
t 989 74
m 18 15
1 16 16
2 18 14
3 18 14
t 988 74
m 18 14
1 16 15
2 19 14
3 19 14
t 987 74
m 19 14
1 16 14
2 20 14
3 20 14
t 986 74
m 20 14
1 15 14
2 20 15
3 20 15
t 985 74
m 20 15
1 16 14
2 20 16
3 20 16
t 984 74
m 20 16
1 16 15
2 19 16
3 19 16
t 983 74
m 19 16
1 16 16
2 18 16
3 18 16
t 982 74
m 18 16
1 17 16
2 17 16
3 17 16
t 981 74
m 17 16
1 16 16
2 16 16
3 16 16
t 980 74
m 16 16
1 16 15
2 15 16
3 16 15
t 979 74
m 16 15
1 16 14
2 14 16
3 16 14
t 978 74
m 16 14
1 15 14
2 15 16
3 15 14
t 977 74
m 15 14
1 14 14
2 16 16
3 14 14
t 976 74
m 14 14
1 14 15
2 16 15
3 14 15
t 975 74
m 14 15
1 14 16
2 16 14
3 14 16
t 974 74
m 14 16
1 13 16
2 15 14
3 15 16
t 973 74
m 15 16
1 12 16
2 14 14
3 16 16
t 972 74
m 16 16
1 13 16
2 14 15
3 17 16
t 971 74
m 17 16
1 14 16
2 14 16
3 18 16
t 970 74
m 18 16
1 15 16
2 15 16
3 18 15
t 969 74
m 18 15
1 16 16
2 16 16
3 18 14
t 968 74
m 18 14
1 17 16
2 16 15
3 19 14
t 967 74
m 19 14
1 18 16
2 16 14
3 20 14
t 966 74
m 20 14
1 18 15
2 15 14
3 20 15
t 965 74
m 20 15
1 18 14
2 16 14
3 20 16
t 964 74
m 20 16
1 19 14
2 16 15
3 21 16
t 963 74
m 21 16
1 20 14
2 16 16
3 22 16
t 962 74
m 22 16
1 20 15
2 17 16
3 23 16
t 961 74
m 23 16
1 20 16
2 18 16
3 24 16
t 960 75
m 24 16
1 21 16
2 19 16
3 25 16
t 959 75
m 25 16
1 22 16
2 20 16
3 26 16
t 958 75
m 26 16
1 23 16
2 21 16
3 27 16
t 957 75
m 27 16
1 24 16
2 22 16
3 28 16
t 956 76
m 28 16
1 25 16
2 23 16
3 29 16
t 955 76
m 29 16
1 26 16
2 24 16
3 30 16
t 954 76
m 30 16
1 27 16
2 25 16
3 30 17
t 953 76
m 30 17
1 28 16
2 26 16
3 30 18
t 952 76
m 30 18
1 29 16
2 27 16
3 30 19
t 951 77
m 30 19
1 30 16
2 28 16
3 31 19
t 950 78
m 31 19
1 30 17
2 29 16
3 32 19
t 949 78
m 32 19
1 30 18
2 30 16
3 33 19
t 948 78
m 33 19
1 30 19
2 30 17
3 34 19
t 947 78
m 34 19
1 31 19
2 30 18
3 34 18
t 946 78
m 34 18
1 32 19
2 30 19
3 34 17
t 945 78
m 34 17
1 33 19
2 30 18
3 34 16
t 944 79
m 34 16
1 34 19
2 30 17
3 34 15
t 943 79
m 34 15
1 34 18
2 30 16
3 34 14
t 942 80
m 34 14
1 34 17
2 29 16
3 34 13
t 941 80
m 34 13
1 34 16
2 30 16
3 34 12
t 940 80
m 34 12
1 34 15
2 30 17
3 33 12
t 939 80
m 33 12
1 34 14
2 30 16
3 32 12
t 938 81
m 32 12
1 34 13
2 29 16
3 31 12
t 937 81
m 31 12
1 34 12
2 30 16
3 30 12
t 936 82
m 30 12
1 33 12
2 30 17
3 29 12
t 935 82
m 29 12
1 32 12
2 30 16
3 28 12
t 934 82
m 28 12
1 31 12
2 29 16
3 27 12
t 933 82
m 27 12
1 30 12
2 28 16
3 26 12
t 932 82
m 26 12
1 29 12
2 27 16
3 25 12
t 931 82
m 25 12
1 28 12
2 26 16
3 24 12
t 930 82
m 24 12
1 27 12
2 25 16
3 23 12
t 929 82
m 23 12
1 26 12
2 24 16
3 23 13
t 928 83
m 23 13
1 25 12
2 23 16
3 23 14
t 927 84
m 23 14
1 24 12
2 23 15
3 23 15
t 926 84
m 23 15
1 23 12
2 23 16
3 23 16
t 925 84
m 23 16
1 23 13
2 24 16
3 22 16
f 29 12
t 924 84
m 24 16
1 23 14
2 25 16
3 21 16
t 923 84
m 25 16
1 23 15
2 26 16
3 22 16
t 922 84
m 26 16
1 23 16
2 27 16
3 23 16
t 921 84
m 27 16
1 24 16
2 27 17
3 24 16
t 920 84
m 27 17
1 25 16
2 27 18
3 25 16
t 919 84
m 27 18
1 26 16
2 27 19
3 26 16
t 918 85
m 27 19
1 27 16
2 28 19
3 27 16
t 917 85
m 28 19
1 27 17
2 29 19
3 27 17
t 916 86
m 29 19
1 27 18
2 30 19
3 27 18
t 915 86
m 30 19
1 27 19
2 31 19
3 27 19
t 914 86
m 31 19
1 28 19
2 32 19
3 28 19
t 913 86
m 32 19
1 29 19
2 33 19
3 29 19
t 912 86
m 33 19
1 30 19
2 34 19
3 30 19
t 911 86
m 34 19
1 31 19
2 34 18
3 31 19
t 910 86
m 34 18
1 32 19
2 34 17
3 32 19
t 909 86
m 34 17
1 33 19
2 34 16
3 33 19
t 908 86
m 34 16
1 34 19
2 34 15
3 34 19
t 907 86
m 34 15
1 34 18
2 34 14
3 34 18
t 906 86
m 34 14
1 34 17
2 34 13
3 34 17
t 905 86
m 34 13
1 34 16
2 34 12
3 34 16
t 904 86
m 34 12
1 34 15
2 33 12
3 34 15
t 903 86
m 33 12
1 34 14
2 32 12
3 34 14
t 902 86
m 32 12
1 34 13
2 31 12
3 34 13
t 901 86
m 31 12
1 34 12
2 30 12
3 34 12
t 900 86
m 30 12
1 33 12
2 29 12
3 33 12
t 899 86
m 29 12
1 32 12
2 28 12
3 32 12
t 898 96
m 28 12
1 31 12
2 27 12
3 31 12
t 897 96
m 27 12
1 30 12
2 26 12
3 30 12
t 896 96
m 26 12
1 29 12
2 25 12
3 29 12
t 895 96
m 25 12
1 28 12
2 24 12
3 28 12
t 894 96
m 24 12
1 27 12
2 23 12
3 27 12
t 893 96
m 23 12
1 26 12
2 23 13
3 26 12
t 892 96
m 23 13
1 25 12
2 23 14
3 25 12
t 891 96
m 23 14
1 24 12
2 23 15
3 24 12
t 890 96
m 23 15
1 23 12
2 23 16
3 23 12
t 889 96
m 23 16
1 23 13
2 24 16
3 23 13
t 888 96
m 24 16
1 23 14
2 25 16
3 23 14
t 887 96
m 25 16
1 23 15
2 26 16
3 23 15
t 886 96
m 26 16
1 23 16
2 27 16
3 23 16
t 885 96
m 27 16
1 24 16
2 28 16
3 24 16
t 884 96
m 28 16
1 25 16
2 29 16
3 25 16
t 883 96
m 29 16
1 26 16
2 30 16
3 26 16
t 882 96
m 30 16
1 27 16
2 30 17
3 27 16
t 881 96
m 30 17
1 28 16
2 30 18
3 28 16
t 880 96
m 30 18
1 29 16
2 30 19
3 29 16
t 879 96
m 30 19
1 30 16
2 29 19
3 30 16
t 878 96
m 29 19
1 30 17
2 28 19
3 30 17
t 877 96
m 28 19
1 30 18
2 27 19
3 30 18
t 876 96
m 27 19
1 30 19
2 27 18
3 30 19
t 875 96
m 27 18
1 29 19
2 27 17
3 29 19
t 874 96
m 27 17
1 28 19
2 27 16
3 28 19
t 873 96
m 27 16
1 27 19
2 28 16
3 27 19
t 872 96
m 28 16
1 27 18
2 29 16
3 27 18
t 871 96
m 29 16
1 27 17
2 30 16
3 27 17
t 870 96
m 30 16
1 27 16
2 30 17
3 27 16
t 869 96
m 30 17
1 28 16
2 30 18
3 28 16
t 868 96
m 30 18
1 29 16
2 30 19
3 29 16
t 867 96
m 30 19
1 30 16
2 31 19
3 30 16
t 866 96
m 31 19
1 30 17
2 32 19
3 30 17
t 865 96
m 32 19
1 30 18
2 33 19
3 30 18
t 864 96
m 33 19
1 30 19
2 34 19
3 30 19
t 863 96
m 34 19
1 31 19
2 34 18
3 31 19
t 862 96
m 34 18
1 32 19
2 34 17
3 32 19
t 861 96
m 34 17
1 33 19
2 34 16
3 33 19
t 860 96
m 34 16
1 34 19
2 34 15
3 34 19
t 859 96
m 34 15
1 34 18
2 34 14
3 34 18
t 858 96
m 34 14
1 34 17
2 34 13
3 34 17
t 857 96
m 34 13
1 34 16
2 34 12
3 34 16
t 856 96
m 34 12
1 34 15
2 33 12
3 34 15
t 855 96
m 33 12
1 34 14
2 32 12
3 34 14
t 854 96
m 32 12
1 34 13
2 31 12
3 34 13
t 853 96
m 31 12
1 34 12
2 30 12
3 34 12
t 852 96
m 30 12
1 33 12
2 29 12
3 33 12
t 851 96
m 29 12
1 32 12
2 28 12
3 32 12
t 850 96
m 28 12
1 31 12
2 27 12
3 31 12
t 849 96
m 27 12
1 30 12
2 26 12
3 30 12
t 848 96
m 26 12
1 29 12
2 25 12
3 29 12
t 847 96
m 25 12
1 28 12
2 24 12
3 28 12
t 846 96
m 24 12
1 27 12
2 23 12
3 27 12
t 845 96
m 23 12
1 26 12
2 23 13
3 26 12
t 844 96
m 23 13
1 25 12
2 23 14
3 25 12
t 843 96
m 23 14
1 24 12
2 23 15
3 24 12
t 842 96
m 23 15
1 23 12
2 23 16
3 23 12
t 841 96
m 23 16
1 23 13
2 24 16
3 23 13
t 840 96
m 24 16
1 23 14
2 25 16
3 23 14
t 839 96
m 25 16
1 23 15
2 26 16
3 23 15
t 838 96
m 26 16
1 23 16
2 27 16
3 23 16
t 837 96
m 27 16
1 24 16
2 28 16
3 24 16
t 836 96
m 28 16
1 25 16
2 29 16
3 25 16
t 835 96
m 29 16
1 26 16
2 30 16
3 26 16
t 834 96
m 30 16
1 27 16
2 30 17
3 27 16
t 833 96
m 30 17
1 28 16
2 30 18
3 28 16
t 832 96
m 30 18
1 29 16
2 30 19
3 29 16
t 831 96
m 30 19
1 30 16
2 31 19
3 30 16
t 830 96
m 31 19
1 30 17
2 32 19
3 30 17
t 829 96
m 32 19
1 30 18
2 33 19
3 30 18
t 828 96
m 33 19
1 30 19
2 34 19
3 30 19
t 827 96
m 34 19
1 31 19
2 34 18
3 31 19
t 826 96
m 34 18
1 32 19
2 34 17
3 32 19
t 825 96
m 34 17
1 33 19
2 34 16
3 33 19
t 824 96
m 34 16
1 34 19
2 34 15
3 34 19
t 823 96
m 34 15
1 34 18
2 34 14
3 34 18
t 822 96
m 34 14
1 34 17
2 34 13
3 34 17
t 821 96
m 34 13
1 34 16
2 34 12
3 34 16
t 820 96
m 34 12
1 34 15
2 34 11
3 34 15
t 819 96
m 34 11
1 34 14
2 34 10
3 34 14
t 818 97
m 34 10
1 34 13
2 34 9
3 34 13
t 817 98
m 34 9
1 34 12
2 34 8
3 34 12
t 816 99
m 34 8
1 34 11
2 34 7
3 34 11
t 815 99
m 34 7
1 34 10
2 34 6
3 34 10
t 814 100
m 34 6
1 34 9
2 34 5
3 34 9
t 813 100
m 34 5
1 34 8
2 34 4
3 34 8
t 812 100
m 34 4
1 34 7
2 34 3
3 34 7
t 811 100
m 34 3
1 34 6
2 34 2
3 34 6
t 810 100
m 34 2
1 34 5
2 34 1
3 34 5
t 809 100
m 34 1
1 34 4
2 34 0
3 34 4
t 808 100
m 34 0
1 34 3
2 33 0
3 34 3
t 807 101
m 33 0
1 34 2
2 32 0
3 34 2
t 806 101
m 32 0
1 34 1
2 32 1
3 34 1
t 805 101
m 32 1
1 34 0
2 32 2
3 34 0
t 804 101
m 32 2
1 34 1
2 31 2
3 33 0
t 803 102
m 31 2
1 34 2
2 30 2
3 32 0
t 802 102
m 30 2
1 34 1
2 29 2
3 32 1
t 801 103
m 29 2
1 34 2
2 28 2
3 32 2
t 800 103
m 28 2
1 34 1
2 27 2
3 31 2
t 799 103
m 27 2
1 34 2
2 27 1
3 30 2
t 798 104
m 27 1
1 34 1
2 27 0
3 29 2
t 797 104
m 27 0
1 34 0
2 26 0
3 28 2
t 796 105
m 26 0
1 33 0
2 25 0
3 27 2
t 795 105
m 25 0
1 32 0
2 24 0
3 27 1
t 794 106
m 24 0
1 32 1
2 23 0
3 27 0
t 793 106
m 23 0
1 32 0
2 22 0
3 26 0
t 792 106
m 22 0
1 32 1
2 21 0
3 25 0
f 23 12
t 791 107
m 21 0
1 32 0
2 20 0
3 24 0
t 790 108
m 20 0
1 33 0
2 19 0
3 23 0
t 789 109
m 19 0
1 32 0
2 18 0
3 22 0
t 788 109
m 18 0
1 32 1
2 17 0
3 21 0
t 787 109
m 17 0
1 32 0
2 16 0
3 20 0
t 786 109
m 16 0
1 33 0
2 15 0
3 19 0
t 785 109
m 15 0
1 32 0
2 14 0
3 18 0
t 784 109
m 14 0
1 32 1
2 13 0
3 17 0
t 783 109
m 13 0
1 32 2
2 12 0
3 16 0
t 782 109
m 12 0
1 32 1
2 11 0
3 15 0
t 781 110
m 11 0
1 32 0
2 10 0
3 14 0
t 780 110
m 10 0
1 32 1
2 9 0
3 13 0
t 779 110
m 9 0
1 32 2
2 8 0
3 12 0
t 778 110
m 8 0
1 31 2
2 7 0
3 11 0
t 777 110
m 7 0
1 32 2
2 7 1
3 10 0
t 776 110
m 7 1
1 32 1
2 7 2
3 9 0
t 775 110
m 7 2
1 32 0
2 6 2
3 8 0
t 774 110
m 6 2
1 33 0
2 5 2
3 7 0
t 773 110
m 5 2
1 34 0
2 4 2
3 7 1
t 772 110
m 4 2
1 34 1
2 3 2
3 7 2
t 771 110
m 3 2
1 34 2
2 2 2
3 6 2
t 770 110
m 2 2
1 34 1
2 2 1
3 5 2
t 769 110
m 2 1
1 34 0
2 2 0
3 4 2
t 768 110
m 2 0
1 34 1
2 1 0
3 3 2
t 767 110
m 1 0
1 34 2
2 0 0
3 2 2
t 766 110
m 0 0
1 34 1
2 0 1
3 2 1
t 765 110
m 0 1
1 34 0
2 0 2
3 2 0
t 764 110
m 0 2
1 33 0
2 0 3
3 1 0
t 763 110
m 0 3
1 32 0
2 0 4
3 0 0
t 762 110
m 0 4
1 33 0
2 0 5
3 0 1
t 761 110
m 0 5
1 34 0
2 0 6
3 0 2
t 760 110
m 0 6
1 33 0
2 0 7
3 0 3
t 759 110
m 0 7
1 34 0
2 0 8
3 0 4
t 758 110
m 0 8
1 33 0
2 0 9
3 0 5
t 757 110
m 0 9
1 32 0
2 0 10
3 0 6
t 756 110
m 0 10
1 32 1
2 0 11
3 0 7
t 755 110
m 0 11
1 32 2
2 0 12
3 0 8
t 754 110
m 0 12
1 32 3
2 0 13
3 0 9
t 753 110
m 0 13
1 32 2
2 0 14
3 0 10
t 752 110
m 0 14
1 32 1
2 0 15
3 0 11
t 751 110
m 0 15
1 32 2
2 0 16
3 0 12
t 750 110
m 0 16
1 32 1
2 0 17
3 0 13
t 749 110
m 0 17
1 32 0
2 0 18
3 0 14
t 748 110
m 0 18
1 33 0
2 0 19
3 0 15
t 747 110
m 0 19
1 34 0
2 1 19
3 0 16
t 746 110
m 1 19
1 34 1
2 2 19
3 0 17
t 745 110
m 2 19
1 34 2
2 3 19
3 0 18
t 744 110
m 3 19
1 34 3
2 4 19
3 0 19
t 743 110
m 4 19
1 34 2
2 5 19
3 1 19
t 742 110
m 5 19
1 34 1
2 6 19
3 2 19
t 741 110
m 6 19
1 34 0
2 7 19
3 3 19
t 740 110
m 7 19
1 34 1
2 7 18
3 4 19
t 739 110
m 7 18
1 34 0
2 7 17
3 5 19
t 738 110
m 7 17
1 33 0
2 7 16
3 6 19
t 737 110
m 7 16
1 32 0
2 6 16
3 7 19
t 736 110
m 6 16
1 33 0
2 5 16
3 7 18
t 735 110
m 5 16
1 32 0
2 4 16
3 7 17
t 734 110
m 4 16
1 32 1
2 4 17
3 7 16
t 733 110
m 4 17
1 32 0
2 4 18
3 6 16
t 732 110
m 4 18
1 33 0
2 4 19
3 5 16
t 731 110
m 4 19
1 32 0
2 5 19
3 4 16
t 730 110
m 5 19
1 33 0
2 6 19
3 4 17
t 729 110
m 6 19
1 34 0
2 7 19
3 4 18
t 728 110
m 7 19
1 33 0
2 7 18
3 4 19
t 727 110
m 7 18
1 32 0
2 7 17
3 5 19
t 726 110
m 7 17
1 32 1
2 7 16
3 6 19
t 725 110
m 7 16
1 32 0
2 8 16
3 7 19
t 724 110
m 8 16
1 33 0
2 9 16
3 7 18
t 723 110
m 9 16
1 32 0
2 10 16
3 7 17
t 722 110
m 10 16
1 32 1
2 11 16
3 7 16
t 721 110
m 11 16
1 32 0
2 11 15
3 8 16
t 720 110
m 11 15
1 33 0
2 11 14
3 9 16
t 719 110
m 11 14
1 34 0
2 11 13
3 10 16
t 718 110
m 11 13
1 33 0
2 11 12
3 11 16
t 717 110
m 11 12
1 32 0
2 10 12
3 11 15
t 716 110
m 10 12
1 33 0
2 9 12
3 11 14
t 715 110
m 9 12
1 32 0
2 8 12
3 11 13
t 714 110
m 8 12
1 32 1
2 7 12
3 11 12
t 713 110
m 7 12
1 32 0
2 6 12
3 10 12
t 712 110
m 6 12
1 32 1
2 5 12
3 9 12
t 711 110
m 5 12
1 32 2
2 4 12
3 8 12
t 710 110
m 4 12
1 32 3
2 3 12
3 7 12
t 709 110
m 3 12
1 32 4
2 2 12
3 6 12
t 708 110
m 2 12
1 32 3
2 1 12
3 5 12
t 707 110
m 1 12
1 32 4
2 0 12
3 4 12
t 706 110
m 0 12
1 32 3
2 0 13
3 3 12
t 705 110
m 0 13
1 32 2
2 0 14
3 2 12
t 704 110
m 0 14
1 31 2
2 0 15
3 1 12
t 703 110
m 0 15
1 30 2
2 0 16
3 0 12
t 702 110
m 0 16
1 29 2
2 0 17
3 0 13
t 701 110
m 0 17
1 30 2
2 0 18
3 0 14
t 700 110
m 0 18
1 31 2
2 0 19
3 0 15
t 699 110
m 0 19
1 32 2
2 1 19
3 0 16
t 698 110
m 1 19
1 32 3
2 2 19
3 0 17
t 697 110
m 2 19
1 32 2
2 3 19
3 0 18
t 696 110
m 3 19
1 32 3
2 4 19
3 0 19
t 695 110
m 4 19
1 32 2
2 5 19
3 1 19
t 694 110
m 5 19
1 32 3
2 6 19
3 2 19
t 693 110
m 6 19
1 32 2
2 7 19
3 3 19
t 692 110
m 7 19
1 32 1
2 7 18
3 4 19
t 691 110
m 7 18
1 32 0
2 7 17
3 5 19
t 690 110
m 7 17
1 32 1
2 7 16
3 6 19
t 689 110
m 7 16
1 32 2
2 6 16
3 7 19
t 688 110
m 6 16
1 32 3
2 5 16
3 7 18
t 687 110
m 5 16
1 32 4
2 4 16
3 7 17
t 686 110
m 4 16
1 32 3
2 4 17
3 7 16
t 685 110
m 4 17
1 32 4
2 4 18
3 6 16
t 684 110
m 4 18
1 32 5
2 4 19
3 5 16
t 683 110
m 4 19
1 32 4
2 3 19
3 4 16
t 682 110
m 3 19
1 32 5
2 2 19
3 4 17
t 681 110
m 2 19
1 32 6
2 1 19
3 4 18
t 680 110
m 1 19
1 31 6
2 0 19
3 4 19
t 679 110
m 0 19
1 32 6
2 0 18
3 3 19
t 678 110
m 0 18
1 31 6
2 0 17
3 2 19
t 677 110
m 0 17
1 32 6
2 0 16
3 1 19
t 676 110
m 0 16
1 32 5
2 0 15
3 0 19
t 675 110
m 0 15
1 32 6
2 0 14
3 0 18
t 674 110
m 0 14
1 31 6
2 0 13
3 0 17
t 673 110
m 0 13
1 32 6
2 0 12
3 0 16
t 672 110
m 0 12
1 31 6
2 1 12
3 0 15
t 671 110
m 1 12
1 30 6
2 2 12
3 0 14
t 670 110
m 2 12
1 29 6
2 3 12
3 0 13
t 669 110
m 3 12
1 30 6
2 4 12
3 0 12
t 668 110
m 4 12
1 29 6
2 5 12
3 1 12
t 667 110
m 5 12
1 30 6
2 6 12
3 2 12
t 666 110
m 6 12
1 29 6
2 7 12
3 3 12
t 665 110
m 7 12
1 30 6
2 8 12
3 4 12
t 664 110
m 8 12
1 29 6
2 9 12
3 5 12
t 663 110
m 9 12
1 30 6
2 10 12
3 6 12
t 662 110
m 10 12
1 31 6
2 11 12
3 7 12
t 661 110
m 11 12
1 32 6
2 11 13
3 8 12
t 660 110
m 11 13
1 32 5
2 11 14
3 9 12
t 659 110
m 11 14
1 32 4
2 11 15
3 10 12
t 658 110
m 11 15
1 32 3
2 11 16
3 11 12
t 657 110
m 11 16
1 32 2
2 10 16
3 11 13
t 656 110
m 10 16
1 31 2
2 9 16
3 11 14
t 655 110
m 9 16
1 32 2
2 8 16
3 11 15
t 654 110
m 8 16
1 32 3
2 7 16
3 11 16
t 653 110
m 7 16
1 32 2
2 7 17
3 10 16
t 652 110
m 7 17
1 32 3
2 7 18
3 9 16
t 651 110
m 7 18
1 32 4
2 7 19
3 8 16
t 650 110
m 7 19
1 32 5
2 6 19
3 7 16
t 649 110
m 6 19
1 32 6
2 5 19
3 7 17
t 648 110
m 5 19
1 32 5
2 4 19
3 7 18
t 647 110
m 4 19
1 32 6
2 3 19
3 7 19
t 646 110
m 3 19
1 32 5
2 2 19
3 6 19
t 645 110
m 2 19
1 32 4
2 1 19
3 5 19
t 644 110
m 1 19
1 32 3
2 0 19
3 4 19
t 643 110
m 0 19
1 32 4
2 0 18
3 3 19
t 642 110
m 0 18
1 32 3
2 0 17
3 2 19
t 641 110
m 0 17
1 32 4
2 0 16
3 1 19
t 640 110
m 0 16
1 32 5
2 0 15
3 0 19
t 639 110
m 0 15
1 32 6
2 0 14
3 0 18
t 638 110
m 0 14
1 32 5
2 0 13
3 0 17
t 637 110
m 0 13
1 32 4
2 0 12
3 0 16
t 636 110
m 0 12
1 32 3
2 1 12
3 0 15
t 635 110
m 1 12
1 32 2
2 2 12
3 0 14
t 634 110
m 2 12
1 32 1
2 3 12
3 0 13
t 633 110
m 3 12
1 32 0
2 4 12
3 0 12
t 632 110
m 4 12
1 32 1
2 5 12
3 1 12
t 631 110
m 5 12
1 32 2
2 6 12
3 2 12
t 630 110
m 6 12
1 32 1
2 7 12
3 3 12
t 629 110
m 7 12
1 32 0
2 8 12
3 4 12
t 628 110
m 8 12
1 33 0
2 9 12
3 5 12
t 627 110
m 9 12
1 32 0
2 10 12
3 6 12
t 626 110
m 10 12
1 32 1
2 11 12
3 7 12
t 625 110
m 11 12
1 32 2
2 11 13
3 8 12
t 624 110
m 11 13
1 32 3
2 11 14
3 9 12
t 623 110
m 11 14
1 32 4
2 11 15
3 10 12
t 622 110
m 11 15
1 32 3
2 11 16
3 11 12
t 621 110
m 11 16
1 32 2
2 10 16
3 11 13
t 620 110
m 10 16
1 32 3
2 9 16
3 11 14
t 619 110
m 9 16
1 32 2
2 8 16
3 11 15
t 618 110
m 8 16
1 31 2
2 7 16
3 11 16
t 617 110
m 7 16
1 30 2
2 6 16
3 10 16
t 616 110
m 6 16
1 31 2
2 5 16
3 9 16
t 615 110
m 5 16
1 32 2
2 4 16
3 8 16
t 614 110
m 4 16
1 32 1
2 4 17
3 7 16
t 613 110
m 4 17
1 32 2
2 4 18
3 6 16
t 612 110
m 4 18
1 32 3
2 4 19
3 5 16
t 611 110
m 4 19
1 32 2
2 3 19
3 4 16
t 610 110
m 3 19
1 32 1
2 2 19
3 4 17
t 609 110
m 2 19
1 32 0
2 1 19
3 4 18
t 608 110
m 1 19
1 33 0
2 0 19
3 4 19
t 607 110
m 0 19
1 34 0
2 0 18
3 3 19
t 606 110
m 0 18
1 33 0
2 0 17
3 2 19
t 605 110
m 0 17
1 32 0
2 0 16
3 1 19
t 604 110
m 0 16
1 32 1
2 0 15
3 0 19
t 603 110
m 0 15
1 32 0
2 0 14
3 0 18
t 602 110
m 0 14
1 32 1
2 0 13
3 0 17
t 601 110
m 0 13
1 32 0
2 0 12
3 0 16
t 600 110
m 0 12
1 32 1
2 0 11
3 0 15
t 599 110
m 0 11
1 32 0
2 0 10
3 0 14
t 598 110
m 0 10
1 33 0
2 0 9
3 0 13
t 597 110
m 0 9
1 32 0
2 0 8
3 0 12
t 596 110
m 0 8
1 33 0
2 0 7
3 0 11
t 595 110
m 0 7
1 34 0
2 0 6
3 0 10
t 594 110
m 0 6
1 34 1
2 0 5
3 0 9
t 593 110
m 0 5
1 34 0
2 0 4
3 0 8
t 592 110
m 0 4
1 33 0
2 0 3
3 0 7
t 591 110
m 0 3
1 34 0
2 0 2
3 0 6
t 590 110
m 0 2
1 34 1
2 0 1
3 0 5
t 589 110
m 0 1
1 34 2
2 0 0
3 0 4
t 588 110
m 0 0
1 34 3
2 1 0
3 0 3
t 587 110
m 1 0
1 34 4
2 2 0
3 0 2
t 586 110
m 2 0
1 34 5
2 2 1
3 0 1
t 585 110
m 2 1
1 34 4
2 2 2
3 0 0
t 584 110
m 2 2
1 34 5
2 3 2
3 1 0
t 583 110
m 3 2
1 34 4
2 4 2
3 2 0
t 582 110
m 4 2
1 34 3
2 5 2
3 2 1
t 581 110
m 5 2
1 34 2
2 6 2
3 2 2
t 580 110
m 6 2
1 34 1
2 7 2
3 3 2
t 579 110
m 7 2
1 34 0
2 7 1
3 4 2
t 578 110
m 7 1
1 33 0
2 7 0
3 5 2
t 577 110
m 7 0
1 32 0
2 8 0
3 6 2
t 576 110
m 8 0
1 33 0
2 9 0
3 7 2
t 575 110
m 9 0
1 32 0
2 10 0
3 7 1
t 574 110
m 10 0
1 33 0
2 11 0
3 7 0
t 573 110
m 11 0
1 34 0
2 12 0
3 8 0
t 572 110
m 12 0
1 34 1
2 13 0
3 9 0
t 571 110
m 13 0
1 34 0
2 14 0
3 10 0
t 570 110
m 14 0
1 34 1
2 15 0
3 11 0
t 569 110
m 15 0
1 34 0
2 15 1
3 12 0
t 568 110
m 15 1
1 33 0
2 15 2
3 13 0
t 567 111
m 15 2
1 32 0
2 14 2
3 14 0
t 566 111
m 14 2
1 32 1
2 13 2
3 15 0
t 565 111
m 13 2
1 32 0
2 12 2
3 14 0
t 564 111
m 12 2
1 32 1
2 11 2
3 13 0
t 563 111
m 11 2
1 32 0
2 10 2
3 12 0
t 562 111
m 10 2
1 33 0
2 10 1
3 11 0
t 561 111
m 10 1
1 32 0
2 10 0
3 10 0
t 560 111
m 10 0
1 33 0
2 9 0
3 11 0
t 559 111
m 11 0
1 32 0
2 8 0
3 12 0
t 558 111
m 12 0
1 33 0
2 9 0
3 13 0
t 557 111
m 13 0
1 34 0
2 10 0
3 14 0
t 556 111
m 14 0
1 33 0
2 11 0
3 15 0
t 555 111
m 15 0
1 32 0
2 12 0
3 16 0
t 554 111
m 16 0
1 32 1
2 13 0
3 17 0
t 553 111
m 17 0
1 32 0
2 14 0
3 18 0
t 552 111
m 18 0
1 33 0
2 15 0
3 19 0
t 551 111
m 19 0
1 34 0
2 16 0
3 20 0
t 550 111
m 20 0
1 33 0
2 17 0
3 21 0
t 549 111
m 21 0
1 34 0
2 18 0
3 22 0
t 548 111
m 22 0
1 33 0
2 19 0
3 23 0
t 547 111
m 23 0
1 32 0
2 20 0
3 24 0
t 546 111
m 24 0
1 33 0
2 21 0
3 25 0
t 545 111
m 25 0
1 32 0
2 22 0
3 26 0
t 544 111
m 26 0
1 33 0
2 23 0
3 27 0
t 543 111
m 27 0
1 32 0
2 24 0
3 27 1
t 542 111
m 27 1
1 33 0
2 25 0
3 27 2
t 541 111
m 27 2
1 32 0
2 26 0
3 28 2
t 540 111
m 28 2
1 32 1
2 27 0
3 29 2
t 539 111
m 29 2
1 32 2
2 27 1
3 30 2
t 538 111
m 30 2
1 31 2
2 27 2
3 31 2
t 537 111
m 31 2
1 32 2
2 28 2
3 32 2
t 536 111
m 32 2
1 32 1
2 29 2
3 32 1
t 535 111
m 32 1
1 32 0
2 30 2
3 32 0
t 534 111
m 32 0
1 33 0
2 31 2
3 33 0
t 533 111
m 33 0
1 34 0
2 32 2
3 34 0
t 532 111
m 34 0
1 34 1
2 32 1
3 34 1
t 531 111
m 34 1
1 34 2
2 32 0
3 34 2
t 530 111
m 34 2
1 34 3
2 33 0
3 34 3
t 529 111
m 34 3
1 34 4
2 34 0
3 34 4
t 528 111
m 34 4
1 34 5
2 34 1
3 34 5
t 527 111
m 34 5
1 34 6
2 34 2
3 34 6
t 526 111
m 34 6
1 34 7
2 34 3
3 34 7
t 525 111
m 34 7
1 34 8
2 34 4
3 34 8
t 524 111
m 34 8
1 34 9
2 34 5
3 34 9
t 523 111
m 34 9
1 34 10
2 34 6
3 34 10
t 522 111
m 34 10
1 34 11
2 34 7
3 34 11
t 521 111
m 34 11
1 34 12
2 34 8
3 34 12
t 520 111
m 34 12
1 34 13
2 34 9
3 34 13
t 519 111
m 34 13
1 34 14
2 34 10
3 34 14
t 518 111
m 34 14
1 34 15
2 34 11
3 34 15
t 517 111
m 34 15
1 34 16
2 34 12
3 34 16
t 516 111
m 34 16
1 34 17
2 34 13
3 34 17
t 515 111
m 34 17
1 34 18
2 34 14
3 34 18
t 514 111
m 34 18
1 34 19
2 34 15
3 34 19
t 513 111
m 34 19
1 33 19
2 34 16
3 33 19
t 512 111
m 33 19
1 32 19
2 34 17
3 32 19
t 511 111
m 32 19
1 31 19
2 34 18
3 31 19
t 510 111
m 31 19
1 30 19
2 34 19
3 30 19
t 509 111
m 30 19
1 30 18
2 33 19
3 30 18
t 508 111
m 30 18
1 30 17
2 32 19
3 30 17
t 507 111
m 30 17
1 30 16
2 31 19
3 30 16
t 506 111
m 30 16
1 29 16
2 30 19
3 29 16
t 505 111
m 29 16
1 28 16
2 30 18
3 28 16
t 504 111
m 28 16
1 27 16
2 30 17
3 27 16
t 503 111
m 27 16
1 26 16
2 30 16
3 27 17
t 502 111
m 26 16
1 25 16
2 29 16
3 27 18
t 501 111
m 25 16
1 24 16
2 28 16
3 27 17
t 500 111
m 24 16
1 23 16
2 27 16
3 27 16
t 499 111
m 23 16
1 22 16
2 26 16
3 26 16
t 498 111
m 22 16
1 21 16
2 25 16
3 25 16
t 497 111
m 21 16
1 20 16
2 24 16
3 24 16
t 496 111
m 20 16
1 19 16
2 23 16
3 25 16
t 495 111
m 19 16
1 18 16
2 22 16
3 24 16
t 494 111
m 18 16
1 17 16
2 21 16
3 23 16
t 493 111
m 17 16
1 16 16
2 20 16
3 22 16
t 492 111
m 16 16
1 15 16
2 19 16
3 21 16
t 491 111
m 15 16
1 14 16
2 18 16
3 20 16
t 490 111
m 14 16
1 13 16
2 17 16
3 19 16
t 489 111
m 13 16
1 12 16
2 16 16
3 18 16
t 488 111
m 12 16
1 11 16
2 15 16
3 17 16
t 487 111
m 11 16
1 10 16
2 14 16
3 16 16
t 486 111
m 10 16
1 9 16
2 13 16
3 15 16
t 485 111
m 9 16
1 8 16
2 12 16
3 14 16
t 484 111
m 8 16
1 7 16
2 11 16
3 13 16
t 483 111
m 7 16
1 6 16
2 10 16
3 12 16
t 482 111
m 6 16
1 5 16
2 9 16
3 11 16
t 481 111
m 5 16
1 4 16
2 8 16
3 10 16
t 480 111
m 4 16
1 4 17
2 7 16
3 9 16
t 479 111
m 4 17
1 4 18
2 6 16
3 8 16
t 478 111
m 4 18
1 4 19
2 5 16
3 7 16
t 477 111
m 4 19
1 5 19
2 4 16
3 6 16
t 476 111
m 5 19
1 6 19
2 4 17
3 5 16
t 475 111
m 6 19
1 7 19
2 4 18
3 4 16
t 474 111
m 7 19
1 7 18
2 4 19
3 4 17
t 473 111
m 7 18
1 7 17
2 5 19
3 4 18
t 472 111
m 7 17
1 7 16
2 6 19
3 4 17
t 471 111
m 7 16
1 6 16
2 7 19
3 4 16
t 470 111
m 6 16
1 5 16
2 7 18
3 5 16
t 469 111
m 5 16
1 4 16
2 7 17
3 4 16
t 468 111
m 4 16
1 4 17
2 7 16
3 4 17
t 467 111
m 4 17
1 4 18
2 6 16
3 4 18
t 466 111
m 4 18
1 4 19
2 5 16
3 4 19
t 465 111
m 4 19
1 3 19
2 4 16
3 3 19
t 464 111
m 3 19
1 2 19
2 4 17
3 2 19
t 463 111
m 2 19
1 1 19
2 4 18
3 1 19
t 462 111
m 1 19
1 0 19
2 4 19
3 0 19
t 461 111
m 0 19
1 0 18
2 3 19
3 0 18
t 460 111
m 0 18
1 0 17
2 2 19
3 0 17
t 459 111
m 0 17
1 0 16
2 1 19
3 0 16
t 458 111
m 0 16
1 0 15
2 0 19
3 0 15
t 457 111
m 0 15
1 0 14
2 0 18
3 0 14
t 456 111
m 0 14
1 0 13
2 0 17
3 0 13
t 455 111
m 0 13
1 0 12
2 0 16
3 0 12
t 454 111
m 0 12
1 0 11
2 0 15
3 0 11
t 453 111
m 0 11
1 0 10
2 0 14
3 0 10
t 452 111
m 0 10
1 0 9
2 0 13
3 0 9
t 451 111
m 0 9
1 0 8
2 0 12
3 0 8
t 450 111
m 0 8
1 0 7
2 0 11
3 0 7
t 449 111
m 0 7
1 0 6
2 0 10
3 0 6
t 448 111
m 0 6
1 0 5
2 0 9
3 0 5
t 447 111
m 0 5
1 0 4
2 0 8
3 0 4
t 446 111
m 0 4
1 0 3
2 0 7
3 0 3
t 445 111
m 0 3
1 0 2
2 0 6
3 0 2
t 444 111
m 0 2
1 0 1
2 0 5
3 0 1
t 443 111
m 0 1
1 0 0
2 0 4
3 0 0
t 442 111
m 0 0
1 1 0
2 0 3
3 1 0
t 441 111
m 1 0
1 2 0
2 0 2
3 2 0
t 440 111
m 2 0
1 2 1
2 0 1
3 2 1
t 439 111
m 2 1
1 2 2
2 0 0
3 2 2
t 438 111
m 2 2
1 2 3
2 0 1
3 2 3
t 437 111
m 2 3
1 2 4
2 0 2
3 2 4
t 436 111
m 2 4
1 2 5
2 0 3
3 2 5
t 435 111
m 2 5
1 2 6
2 0 4
3 2 6
t 434 111
m 2 6
1 3 6
2 0 5
3 3 6
t 433 111
m 3 6
1 4 6
2 0 6
3 4 6
t 432 111
m 4 6
1 5 6
2 0 7
3 5 6
t 431 111
m 5 6
1 6 6
2 0 6
3 6 6
t 430 111
m 6 6
1 6 7
2 0 5
3 6 7
t 429 111
m 6 7
1 7 7
2 0 6
3 6 8
t 428 111
m 7 7
1 8 7
2 0 7
3 5 8
t 427 111
m 8 7
1 9 7
2 0 6
3 6 8
t 426 111
m 9 7
1 10 7
2 0 7
3 6 7
t 425 111
m 10 7
1 11 7
2 0 8
3 7 7
t 424 111
m 11 7
1 12 7
2 0 7
3 8 7
t 423 111
m 12 7
1 13 7
2 0 8
3 9 7
t 422 111
m 13 7
1 13 6
2 0 7
3 10 7
t 421 111
m 13 6
1 13 5
2 0 6
3 11 7
t 420 111
m 13 5
1 13 4
2 0 5
3 12 7
t 419 111
m 13 4
1 13 3
2 0 6
3 13 7
t 418 111
m 13 3
1 13 2
2 0 5
3 13 6
t 417 111
m 13 2
1 12 2
2 0 4
3 13 5
t 416 111
m 12 2
1 11 2
2 0 3
3 13 4
t 415 111
m 11 2
1 10 2
2 0 2
3 13 3
t 414 111
m 10 2
1 10 1
2 0 1
3 13 2
t 413 111
m 10 1
1 10 0
2 0 2
3 12 2
t 412 111
m 10 0
1 9 0
2 0 1
3 11 2
t 411 111
m 9 0
1 8 0
2 0 0
3 10 2
t 410 111
m 8 0
1 7 0
2 1 0
3 10 1
t 409 111
m 7 0
1 7 1
2 2 0
3 10 0
t 408 111
m 7 1
1 7 2
2 1 0
3 9 0
t 407 111
m 7 2
1 6 2
2 2 0
3 8 0
t 406 111
m 6 2
1 5 2
2 2 1
3 7 0
t 405 111
m 5 2
1 4 2
2 2 2
3 7 1
t 404 111
m 4 2
1 3 2
2 3 2
3 7 2
t 403 111
m 3 2
1 2 2
2 2 2
3 6 2
t 402 111
m 2 2
1 2 1
2 2 1
3 5 2
t 401 111
m 2 1
1 2 0
2 2 0
3 4 2
t 400 111
m 2 0
1 1 0
2 1 0
3 3 2
t 399 111
m 1 0
1 0 0
2 0 0
3 2 2
t 398 111
m 0 0
1 0 1
2 0 1
3 2 1
t 397 111
m 0 1
1 0 2
2 0 2
3 2 0
t 396 111
m 0 2
1 0 3
2 0 3
3 1 0
t 395 111
m 0 3
1 0 4
2 0 4
3 0 0
t 394 111
m 0 4
1 0 5
2 0 5
3 0 1
t 393 111
m 0 5
1 0 6
2 0 6
3 0 2
t 392 111
m 0 6
1 0 7
2 0 7
3 0 3
t 391 111
m 0 7
1 0 8
2 0 8
3 0 4
t 390 111
m 0 8
1 0 9
2 0 9
3 0 5
t 389 111
m 0 9
1 0 10
2 0 10
3 0 6
t 388 111
m 0 10
1 0 11
2 0 11
3 0 7
t 387 111
m 0 11
1 0 12
2 0 12
3 0 8
t 386 111
m 0 12
1 1 12
2 1 12
3 0 9
t 385 111
m 1 12
1 2 12
2 2 12
3 0 10
t 384 111
m 2 12
1 3 12
2 3 12
3 0 11
t 383 111
m 3 12
1 4 12
2 4 12
3 0 12
t 382 111
m 4 12
1 5 12
2 5 12
3 1 12
t 381 111
m 5 12
1 6 12
2 6 12
3 2 12
t 380 111
m 6 12
1 7 12
2 7 12
3 3 12
t 379 111
m 7 12
1 8 12
2 8 12
3 4 12
t 378 111
m 8 12
1 9 12
2 9 12
3 5 12
t 377 111
m 9 12
1 10 12
2 10 12
3 6 12
t 376 111
m 10 12
1 11 12
2 11 12
3 7 12
t 375 111
m 11 12
1 11 13
2 11 13
3 8 12
t 374 111
m 11 13
1 11 14
2 11 14
3 9 12
t 373 111
m 11 14
1 11 15
2 11 15
3 10 12
t 372 111
m 11 15
1 11 16
2 11 16
3 11 12
t 371 111
m 11 16
1 12 16
2 10 16
3 11 13
t 370 111
m 12 16
1 13 16
2 9 16
3 11 14
t 369 111
m 13 16
1 14 16
2 10 16
3 11 15
t 368 111
m 14 16
1 15 16
2 11 16
3 11 16
t 367 111
m 15 16
1 16 16
2 12 16
3 12 16
t 366 111
m 16 16
1 16 15
2 13 16
3 13 16
t 365 111
m 16 15
1 16 14
2 14 16
3 14 16
t 364 111
m 16 14
1 15 14
2 15 16
3 15 16
t 363 111
m 15 14
1 14 14
2 16 16
3 16 16
t 362 111
m 14 14
1 14 15
2 15 16
3 16 15
t 361 111
m 14 15
1 14 16
2 14 16
3 16 14
t 360 111
m 14 16
1 15 16
2 13 16
3 15 14
t 359 111
m 15 16
1 16 16
2 12 16
3 14 14
t 358 111
m 16 16
1 17 16
2 13 16
3 14 15
t 357 111
m 17 16
1 18 16
2 14 16
3 14 16
t 356 111
m 18 16
1 19 16
2 15 16
3 15 16
t 355 111
m 19 16
1 20 16
2 16 16
3 16 16
t 354 111
m 20 16
1 20 15
2 17 16
3 17 16
t 353 111
m 20 15
1 20 14
2 18 16
3 18 16
t 352 111
m 20 14
1 19 14
2 18 15
3 18 15
t 351 111
m 19 14
1 18 14
2 18 14
3 18 14
t 350 111
m 18 14
1 18 15
2 18 15
3 18 15
t 349 111
m 18 15
1 18 16
2 18 16
3 18 16
t 348 111
m 18 16
1 17 16
2 17 16
3 17 16
t 347 111
m 17 16
1 16 16
2 16 16
3 16 16
t 346 111
m 16 16
1 15 16
2 16 15
3 16 15
t 345 111
m 16 15
1 14 16
2 16 14
3 16 14
t 344 111
m 16 14
1 14 15
2 15 14
3 15 14
t 343 111
m 15 14
1 14 16
2 14 14
3 14 14
t 342 111
m 14 14
1 14 15
2 14 15
3 14 15
t 341 111
m 14 15
1 14 16
2 14 16
3 14 16
t 340 111
m 14 16
1 13 16
2 13 16
3 13 16
t 339 111
m 13 16
1 12 16
2 12 16
3 12 16
t 338 111
m 12 16
1 11 16
2 11 16
3 11 16
t 337 111
m 11 16
1 11 15
2 10 16
3 11 15
t 336 111
m 11 15
1 11 14
2 9 16
3 11 14
t 335 111
m 11 14
1 11 13
2 10 16
3 11 13
t 334 111
m 11 13
1 11 12
2 11 16
3 11 12
t 333 111
m 11 12
1 11 11
2 11 15
3 11 11
t 332 111
m 11 11
1 11 10
2 11 14
3 11 10
t 331 111
m 11 10
1 11 9
2 11 13
3 11 9
t 330 111
m 11 9
1 10 9
2 11 12
3 10 9
t 329 111
m 10 9
1 9 9
2 11 11
3 9 9
t 328 111
m 9 9
1 8 9
2 11 10
3 8 9
t 327 111
m 8 9
1 7 9
2 11 9
3 7 9
t 326 111
m 7 9
1 6 9
2 10 9
3 6 9
t 325 111
m 6 9
1 6 8
2 9 9
3 6 8
t 324 111
m 6 8
1 6 7
2 8 9
3 5 8
t 323 111
m 6 7
1 6 6
2 7 9
3 4 8
t 322 111
m 6 6
1 5 6
2 6 9
3 5 8
t 321 111
m 5 6
1 4 6
2 6 8
3 6 8
t 320 111
m 4 6
1 3 6
2 5 8
3 6 7
t 319 111
m 3 6
1 2 6
2 4 8
3 6 6
t 318 111
m 2 6
1 2 5
2 3 8
3 5 6
t 317 111
m 2 5
1 2 4
2 2 8
3 4 6
t 316 111
m 2 4
1 2 3
2 1 8
3 3 6
t 315 111
m 2 3
1 2 2
2 2 8
3 2 6
t 314 111
m 2 2
1 2 1
2 1 8
3 2 5
t 313 111
m 2 1
1 2 0
2 2 8
3 2 4
t 312 111
m 2 0
1 1 0
2 1 8
3 2 3
t 311 111
m 1 0
1 0 0
2 2 8
3 2 2
t 310 111
m 0 0
1 0 1
2 1 8
3 2 1
t 309 111
m 0 1
1 0 2
2 0 8
3 2 0
t 308 111
m 0 2
1 0 3
2 0 7
3 1 0
t 307 111
m 0 3
1 0 4
2 0 6
3 0 0
t 306 111
m 0 4
1 0 5
2 0 5
3 0 1
t 305 111
m 0 5
1 0 6
2 0 6
3 0 2
t 304 111
m 0 6
1 0 7
2 0 7
3 0 3
t 303 111
m 0 7
1 0 8
2 0 8
3 0 4
t 302 111
m 0 8
1 0 9
2 0 9
3 0 5
t 301 111
m 0 9
1 0 10
2 0 10
3 0 6
t 300 111
m 0 10
1 0 11
2 0 11
3 0 7
t 299 111
m 0 11
1 0 12
2 0 12
3 0 8
t 298 111
m 0 12
1 0 13
2 0 13
3 0 9
t 297 111
m 0 13
1 0 14
2 0 14
3 0 10
t 296 111
m 0 14
1 0 15
2 0 15
3 0 11
t 295 111
m 0 15
1 0 16
2 0 16
3 0 12
t 294 111
m 0 16
1 0 17
2 0 17
3 0 13
t 293 111
m 0 17
1 0 18
2 0 18
3 0 14
t 292 111
m 0 18
1 0 19
2 0 19
3 0 15
t 291 111
m 0 19
1 1 19
2 1 19
3 0 16
t 290 111
m 1 19
1 2 19
2 2 19
3 0 17
t 289 111
m 2 19
1 3 19
2 3 19
3 0 18
t 288 111
m 3 19
1 4 19
2 4 19
3 0 19
t 287 111
m 4 19
1 5 19
2 4 18
3 1 19
t 286 111
m 4 18
1 6 19
2 4 17
3 2 19
t 285 111
m 4 17
1 5 19
2 4 16
3 3 19
t 284 111
m 4 16
1 4 19
2 5 16
3 4 19
t 283 111
m 5 16
1 4 18
2 6 16
3 4 18
t 282 111
m 6 16
1 4 17
2 7 16
3 4 17
t 281 111
m 7 16
1 4 16
2 7 17
3 4 16
t 280 111
m 7 17
1 5 16
2 7 18
3 5 16
t 279 111
m 7 18
1 6 16
2 7 19
3 6 16
t 278 111
m 7 19
1 7 16
2 6 19
3 7 16
t 277 111
m 6 19
1 7 17
2 5 19
3 7 17
t 276 111
m 5 19
1 7 18
2 4 19
3 7 18
t 275 111
m 4 19
1 7 19
2 4 18
3 7 19
t 274 111
m 4 18
1 6 19
2 4 17
3 6 19
t 273 111
m 4 17
1 5 19
2 4 16
3 5 19
t 272 111
m 4 16
1 4 19
2 5 16
3 4 19
t 271 111
m 5 16
1 4 18
2 6 16
3 4 18
t 270 111
m 6 16
1 4 17
2 7 16
3 4 17
t 269 111
m 7 16
1 4 16
2 8 16
3 4 16
t 268 111
m 8 16
1 5 16
2 9 16
3 5 16
t 267 111
m 9 16
1 6 16
2 10 16
3 6 16
t 266 111
m 10 16
1 7 16
2 11 16
3 7 16
t 265 111
m 11 16
1 6 16
2 11 15
3 8 16
t 264 111
m 11 15
1 7 16
2 11 14
3 9 16
t 263 111
m 11 14
1 8 16
2 11 13
3 10 16
t 262 111
m 11 13
1 9 16
2 11 12
3 11 16
t 261 111
m 11 12
1 8 16
2 11 11
3 11 15
t 260 111
m 11 11
1 9 16
2 11 10
3 11 14
t 259 111
m 11 10
1 8 16
2 11 9
3 11 13
t 258 111
m 11 9
1 9 16
2 10 9
3 11 12
t 257 111
m 10 9
1 8 16
2 9 9
3 11 11
t 256 111
m 9 9
1 9 16
2 8 9
3 11 10
t 255 111
m 8 9
1 8 16
2 7 9
3 11 9
t 254 111
m 7 9
1 9 16
2 6 9
3 10 9
t 253 111
m 6 9
1 8 16
2 6 8
3 9 9
t 252 111
m 6 8
1 7 16
2 6 7
3 8 9
t 251 111
m 6 7
1 6 16
2 7 7
3 7 9
t 250 111
m 7 7
1 7 16
2 8 7
3 6 9
t 249 111
m 8 7
1 7 17
2 9 7
3 6 8
t 248 111
m 9 7
1 7 16
2 10 7
3 6 7
t 247 111
m 10 7
1 6 16
2 11 7
3 7 7
t 246 111
m 11 7
1 5 16
2 12 7
3 8 7
t 245 111
m 12 7
1 6 16
2 13 7
3 9 7
t 244 111
m 13 7
1 7 16
2 13 6
3 10 7
t 243 111
m 13 6
1 7 17
2 13 5
3 11 7
t 242 111
m 13 5
1 7 18
2 13 4
3 12 7
t 241 111
m 13 4
1 7 17
2 13 3
3 13 7
t 240 111
m 13 3
1 7 16
2 13 2
3 13 6
t 239 111
m 13 2
1 6 16
2 12 2
3 13 5
t 238 111
m 12 2
1 5 16
2 11 2
3 13 4
t 237 111
m 11 2
1 4 16
2 10 2
3 13 3
t 236 111
m 10 2
1 4 17
2 10 1
3 13 2
t 235 111
m 10 1
1 4 16
2 10 0
3 12 2
t 234 111
m 10 0
1 4 17
2 9 0
3 11 2
t 233 111
m 9 0
1 4 16
2 8 0
3 10 2
t 232 111
m 8 0
1 5 16
2 7 0
3 10 1
t 231 111
m 7 0
1 4 16
2 7 1
3 10 0
t 230 111
m 7 1
1 4 17
2 7 2
3 9 0
t 229 111
m 7 2
1 4 18
2 6 2
3 8 0
t 228 111
m 6 2
1 4 17
2 5 2
3 7 0
t 227 111
m 5 2
1 4 18
2 4 2
3 7 1
t 226 111
m 4 2
1 4 17
2 3 2
3 7 2
t 225 111
m 3 2
1 4 16
2 2 2
3 6 2
t 224 111
m 2 2
1 4 17
2 2 3
3 5 2
t 223 111
m 2 3
1 4 18
2 2 4
3 4 2
t 222 111
m 2 4
1 4 19
2 2 5
3 3 2
t 221 111
m 2 5
1 3 19
2 2 6
3 2 2
t 220 111
m 2 6
1 2 19
2 3 6
3 2 3
t 219 111
m 3 6
1 1 19
2 4 6
3 2 4
t 218 111
m 4 6
1 0 19
2 5 6
3 2 5
t 217 111
m 5 6
1 0 18
2 6 6
3 2 6
t 216 111
m 6 6
1 0 19
2 6 7
3 3 6
t 215 111
m 6 7
1 1 19
2 7 7
3 4 6
t 214 111
m 7 7
1 0 19
2 8 7
3 5 6
t 213 111
m 8 7
1 1 19
2 9 7
3 6 6
t 212 111
m 9 7
1 2 19
2 10 7
3 6 7
t 211 111
m 10 7
1 3 19
2 11 7
3 7 7
t 210 111
m 11 7
1 4 19
2 12 7
3 8 7
t 209 111
m 12 7
1 3 19
2 13 7
3 9 7
t 208 111
m 13 7
1 4 19
2 13 6
3 10 7
t 207 111
m 13 6
1 5 19
2 13 5
3 11 7
t 206 111
m 13 5
1 6 19
2 13 4
3 12 7
t 205 111
m 13 4
1 7 19
2 13 3
3 13 7
t 204 111
m 13 3
1 6 19
2 13 2
3 13 6
t 203 111
m 13 2
1 7 19
2 12 2
3 13 5
t 202 111
m 12 2
1 6 19
2 11 2
3 13 4
t 201 111
m 11 2
1 5 19
2 10 2
3 13 3
t 200 111
m 10 2
1 6 19
2 10 1
3 13 2
t 199 111
m 10 1
1 5 19
2 10 0
3 12 2
t 198 111
m 10 0
1 6 19
2 9 0
3 11 2
t 197 111
m 9 0
1 5 19
2 8 0
3 10 2
t 196 111
m 8 0
1 4 19
2 7 0
3 10 1
t 195 111
m 7 0
1 3 19
2 7 1
3 10 0
t 194 111
m 7 1
1 2 19
2 7 2
3 9 0
t 193 111
m 7 2
1 3 19
2 6 2
3 8 0
t 192 111
m 6 2
1 2 19
2 5 2
3 7 0
t 191 111
m 5 2
1 1 19
2 4 2
3 7 1
t 190 111
m 4 2
1 2 19
2 3 2
3 7 2
t 189 111
m 3 2
1 1 19
2 2 2
3 6 2
t 188 111
m 2 2
1 0 19
2 2 3
3 5 2
t 187 111
m 2 3
1 0 18
2 2 4
3 4 2
t 186 111
m 2 4
1 0 17
2 2 5
3 3 2
t 185 111
m 2 5
1 0 18
2 2 6
3 2 2
t 184 111
m 2 6
1 0 17
2 3 6
3 2 3
t 183 111
m 3 6
1 0 16
2 4 6
3 2 4
t 182 111
m 4 6
1 0 15
2 5 6
3 2 5
t 181 111
m 5 6
1 0 14
2 6 6
3 2 6
t 180 111
m 6 6
1 0 15
2 6 7
3 3 6
t 179 111
m 6 7
1 0 14
2 7 7
3 4 6
t 178 111
m 7 7
1 0 13
2 8 7
3 5 6
t 177 111
m 8 7
1 0 12
2 9 7
3 6 6
t 176 111
m 9 7
1 1 12
2 10 7
3 6 7
t 175 111
m 10 7
1 2 12
2 11 7
3 7 7
t 174 111
m 11 7
1 1 12
2 12 7
3 8 7
t 173 111
m 12 7
1 0 12
2 13 7
3 9 7
t 172 111
m 13 7
1 1 12
2 13 6
3 10 7
t 171 111
m 13 6
1 0 12
2 13 5
3 11 7
t 170 111
m 13 5
1 0 11
2 13 4
3 12 7
t 169 111
m 13 4
1 0 10
2 13 3
3 13 7
t 168 111
m 13 3
1 0 9
2 13 2
3 13 6
t 167 111
m 13 2
1 0 8
2 12 2
3 13 5
t 166 111
m 12 2
1 0 7
2 11 2
3 13 4
t 165 111
m 11 2
1 0 6
2 10 2
3 13 3
t 164 111
m 10 2
1 0 5
2 10 1
3 13 2
t 163 111
m 10 1
1 0 4
2 10 0
3 12 2
t 162 111
m 10 0
1 0 3
2 9 0
3 11 2
t 161 111
m 9 0
1 0 2
2 8 0
3 10 2
t 160 111
m 8 0
1 0 1
2 7 0
3 10 1
t 159 111
m 7 0
1 0 0
2 7 1
3 10 0
t 158 111
m 7 1
1 1 0
2 7 2
3 9 0
t 157 111
m 7 2
1 2 0
2 6 2
3 8 0
t 156 111
m 6 2
1 2 1
2 5 2
3 7 0
t 155 111
m 5 2
1 2 2
2 4 2
3 7 1
t 154 111
m 4 2
1 3 2
2 3 2
3 7 2
t 153 111
m 3 2
1 2 2
2 2 2
3 6 2
t 152 111
m 2 2
1 2 1
2 2 1
3 5 2
t 151 111
m 2 1
1 2 0
2 2 0
3 4 2
t 150 111
m 2 0
1 1 0
2 1 0
3 3 2
t 149 111
m 1 0
1 0 0
2 0 0
3 2 2
t 148 111
m 0 0
1 0 1
2 0 1
3 2 1
t 147 111
m 0 1
1 0 2
2 0 2
3 2 0
t 146 111
m 0 2
1 0 3
2 0 3
3 1 0
t 145 111
m 0 3
1 0 4
2 0 4
3 0 0
t 144 111
m 0 4
1 0 5
2 0 5
3 0 1
t 143 111
m 0 5
1 0 6
2 0 6
3 0 2
t 142 111
m 0 6
1 0 7
2 0 7
3 0 3
t 141 111
m 0 7
1 0 8
2 0 8
3 0 4
t 140 111
m 0 8
1 0 9
2 0 9
3 0 5
t 139 111
m 0 9
1 0 10
2 0 10
3 0 6
t 138 111
m 0 10
1 0 11
2 0 11
3 0 7
t 137 111
m 0 11
1 0 12
2 0 12
3 0 8
t 136 111
m 0 12
1 1 12
2 0 13
3 0 9
t 135 111
m 1 12
1 2 12
2 0 14
3 0 10
t 134 111
m 2 12
1 3 12
2 0 13
3 0 11
t 133 111
m 3 12
1 4 12
2 0 12
3 0 12
t 132 111
m 4 12
1 5 12
2 1 12
3 1 12
t 131 111
m 5 12
1 6 12
2 2 12
3 2 12
t 130 111
m 6 12
1 7 12
2 3 12
3 3 12
t 129 111
m 7 12
1 8 12
2 4 12
3 4 12
t 128 111
m 8 12
1 9 12
2 5 12
3 5 12
t 127 111
m 9 12
1 10 12
2 6 12
3 6 12
t 126 111
m 10 12
1 11 12
2 7 12
3 7 12
t 125 111
m 11 12
1 11 13
2 8 12
3 8 12
t 124 111
m 11 13
1 11 14
2 9 12
3 9 12
t 123 111
m 11 14
1 11 15
2 10 12
3 10 12
t 122 111
m 11 15
1 11 16
2 11 12
3 11 12
t 121 111
m 11 16
1 10 16
2 11 13
3 11 13
t 120 111
m 10 16
1 9 16
2 11 14
3 11 14
t 119 111
m 9 16
1 8 16
2 11 15
3 11 15
t 118 111
m 8 16
1 7 16
2 11 16
3 11 16
t 117 111
m 7 16
1 7 17
2 10 16
3 10 16
t 116 111
m 7 17
1 7 18
2 9 16
3 9 16
t 115 111
m 7 18
1 7 19
2 8 16
3 8 16
t 114 111
m 7 19
1 6 19
2 7 16
3 7 16
t 113 111
m 6 19
1 5 19
2 7 17
3 7 17
t 112 111
m 5 19
1 4 19
2 7 18
3 7 18
t 111 111
m 4 19
1 4 18
2 7 19
3 7 19
t 110 111
m 4 18
1 4 17
2 6 19
3 6 19
t 109 111
m 4 17
1 4 16
2 5 19
3 5 19
t 108 111
m 4 16
1 5 16
2 4 19
3 4 19
t 107 111
m 5 16
1 6 16
2 4 18
3 4 18
t 106 111
m 6 16
1 7 16
2 4 17
3 4 17
t 105 111
m 7 16
1 7 17
2 4 16
3 4 16
t 104 111
m 7 17
1 7 18
2 5 16
3 5 16
t 103 111
m 7 18
1 7 19
2 6 16
3 6 16
t 102 111
m 7 19
1 6 19
2 7 16
3 7 16
t 101 111
m 6 19
1 5 19
2 7 17
3 7 17
t 100 111
m 5 19
1 4 19
2 7 18
3 7 18
t 99 111
m 4 19
1 3 19
2 7 19
3 7 19
t 98 111
m 3 19
1 2 19
2 6 19
3 6 19
t 97 111
m 2 19
1 1 19
2 5 19
3 5 19
t 96 111
m 1 19
1 0 19
2 4 19
3 4 19
t 95 111
m 0 19
1 0 18
2 3 19
3 3 19
t 94 111
m 0 18
1 0 17
2 2 19
3 2 19
t 93 111
m 0 17
1 0 16
2 1 19
3 1 19
t 92 111
m 0 16
1 0 15
2 0 19
3 0 19
t 91 111
m 0 15
1 0 14
2 0 18
3 0 18
t 90 111
m 0 14
1 0 13
2 0 17
3 0 17
t 89 111
m 0 13
1 0 12
2 0 16
3 0 16
t 88 111
m 0 12
1 0 11
2 0 15
3 0 15
t 87 111
m 0 11
1 0 10
2 0 14
3 0 14
t 86 111
m 0 10
1 0 9
2 0 13
3 0 13
t 85 111
m 0 9
1 0 8
2 0 12
3 0 12
t 84 111
m 0 8
1 0 7
2 0 11
3 0 11
t 83 111
m 0 7
1 0 6
2 0 10
3 0 10
t 82 111
m 0 6
1 0 5
2 0 9
3 0 9
t 81 111
m 0 5
1 0 4
2 0 8
3 0 8
t 80 111
m 0 4
1 0 3
2 0 7
3 0 7
t 79 111
m 0 3
1 0 2
2 0 6
3 0 6
t 78 111
m 0 2
1 0 1
2 0 5
3 0 5
t 77 111
m 0 1
1 0 0
2 0 4
3 0 4
t 76 111
m 0 0
1 1 0
2 0 3
3 0 3
t 75 111
m 1 0
1 2 0
2 0 2
3 0 2
t 74 111
m 2 0
1 2 1
2 0 1
3 0 1
t 73 111
m 2 1
1 2 2
2 0 0
3 0 0
t 72 111
m 2 2
1 2 3
2 1 0
3 0 1
t 71 111
m 2 3
1 2 4
2 2 0
3 0 2
t 70 111
m 2 4
1 2 5
2 2 1
3 0 3
t 69 111
m 2 5
1 2 6
2 2 2
3 0 4
t 68 111
m 2 6
1 3 6
2 2 3
3 0 5
t 67 111
m 3 6
1 4 6
2 2 4
3 0 6
t 66 111
m 4 6
1 5 6
2 2 5
3 0 5
t 65 111
m 5 6
1 6 6
2 2 6
3 0 6
t 64 111
m 6 6
1 6 7
2 3 6
3 0 7
t 63 111
m 6 7
1 6 8
2 4 6
3 0 6
t 62 111
m 6 8
1 5 8
2 5 6
3 0 7
t 61 111
m 5 8
1 4 8
2 6 6
3 0 8
t 60 111
m 4 8
1 3 8
2 6 7
3 1 8
t 59 111
m 3 8
1 2 8
2 6 8
3 2 8
t 58 111
m 2 8
1 1 8
2 5 8
3 1 8
t 57 111
m 1 8
1 0 8
2 4 8
3 0 8
t 56 111
m 0 8
1 0 7
2 3 8
3 0 7
t 55 111
m 0 7
1 0 6
2 2 8
3 0 6
t 54 111
m 0 6
1 0 5
2 1 8
3 0 5
t 53 111
m 0 5
1 0 4
2 0 8
3 0 4
t 52 111
m 0 4
1 0 3
2 0 7
3 0 3
t 51 111
m 0 3
1 0 2
2 0 6
3 0 2
t 50 111
m 0 2
1 0 1
2 0 5
3 0 1
t 49 111
m 0 1
1 0 0
2 0 4
3 0 0
t 48 111
m 0 0
1 1 0
2 0 3
3 1 0
t 47 111
m 1 0
1 2 0
2 0 2
3 2 0
t 46 111
m 2 0
1 2 1
2 0 1
3 2 1
t 45 111
m 2 1
1 2 2
2 0 0
3 2 2
t 44 111
m 2 2
1 2 3
2 1 0
3 2 3
t 43 111
m 2 3
1 2 4
2 2 0
3 2 4
t 42 111
m 2 4
1 2 5
2 2 1
3 2 5
t 41 111
m 2 5
1 2 6
2 2 2
3 2 6
t 40 111
m 2 6
1 3 6
2 2 3
3 3 6
t 39 111
m 3 6
1 4 6
2 2 4
3 4 6
t 38 111
m 4 6
1 5 6
2 2 5
3 5 6
t 37 111
m 5 6
1 6 6
2 2 6
3 6 6
t 36 111
m 6 6
1 6 7
2 3 6
3 6 7
t 35 111
m 6 7
1 6 8
2 4 6
3 6 8
t 34 111
m 6 8
1 5 8
2 5 6
3 5 8
t 33 111
m 5 8
1 4 8
2 6 6
3 4 8
t 32 111
m 4 8
1 3 8
2 5 6
3 3 8
t 31 111
m 3 8
1 2 8
2 4 6
3 2 8
t 30 111
m 2 8
1 1 8
2 3 6
3 1 8
t 29 111
m 1 8
1 0 8
2 2 6
3 0 8
t 28 111
m 0 8
1 0 7
2 2 5
3 0 7
t 27 111
m 0 7
1 0 6
2 2 6
3 0 6
t 26 111
m 0 6
1 0 5
2 2 5
3 0 5
t 25 111
m 0 5
1 0 4
2 2 6
3 0 4
t 24 111
m 0 4
1 0 3
2 2 5
3 0 3
t 23 111
m 0 3
1 0 2
2 2 4
3 0 2
t 22 111
m 0 2
1 0 1
2 2 3
3 0 1
t 21 111
m 0 1
1 0 0
2 2 2
3 0 0
t 20 111
m 0 0
1 1 0
2 2 1
3 1 0
t 19 111
m 1 0
1 2 0
2 2 0
3 2 0
t 18 111
m 2 0
1 2 1
2 2 1
3 2 1
t 17 111
m 2 1
1 2 2
2 2 2
3 2 2
t 16 111
m 2 2
1 3 2
2 2 3
3 2 3
t 15 111
m 3 2
1 4 2
2 2 4
3 2 4
t 14 111
m 4 2
1 5 2
2 2 3
3 2 3
t 13 111
m 5 2
1 6 2
2 2 2
3 2 2
t 12 111
m 6 2
1 7 2
2 3 2
3 3 2
t 11 111
m 7 2
1 7 1
2 4 2
3 4 2
t 10 111
m 7 1
1 7 0
2 5 2
3 5 2
t 9 111
m 7 0
1 8 0
2 6 2
3 6 2
t 8 111
m 8 0
1 9 0
2 7 2
3 7 2
t 7 111
m 9 0
1 10 0
2 7 1
3 7 1
t 6 111
m 10 0
1 10 1
2 7 0
3 7 0
t 5 111
m 10 1
1 10 2
2 8 0
3 8 0
t 4 111
m 10 2
1 11 2
2 9 0
3 9 0
t 3 111
m 11 2
1 12 2
2 10 0
3 10 0
t 2 111
m 12 2
1 13 2
2 11 0
3 10 1
t 1 111
m 13 2
1 13 3
2 12 0
3 10 2
t 0 111
