35
20
m 0 19
1 34 0
2 34 0
3 34 0
w 4 0
w 5 0
w 6 0
w 7 0
w 8 0
w 9 0
w 10 0
w 11 0
w 12 0
w 13 0
w 21 0
w 22 0
w 23 0
w 24 0
w 25 0
w 26 0
w 27 0
w 28 0
w 29 0
w 30 0
w 1 1
w 2 1
w 4 1
w 5 1
w 6 1
w 7 1
w 8 1
w 9 1
w 10 1
w 11 1
w 12 1
w 13 1
w 15 1
w 16 1
w 17 1
w 18 1
w 19 1
w 21 1
w 22 1
w 23 1
w 24 1
w 25 1
w 26 1
w 27 1
w 28 1
w 29 1
w 30 1
w 32 1
w 33 1
w 1 2
w 2 2
w 9 2
w 10 2
w 11 2
w 12 2
w 13 2
w 15 2
w 16 2
w 17 2
w 18 2
w 19 2
w 21 2
w 22 2
w 23 2
w 24 2
w 25 2
w 32 2
w 33 2
w 1 3
w 2 3
w 3 3
w 5 3
w 6 3
w 7 3
w 9 3
w 10 3
w 11 3
w 12 3
w 17 3
w 22 3
w 23 3
w 24 3
w 25 3
w 27 3
w 28 3
w 29 3
w 31 3
w 32 3
w 33 3
w 1 4
w 2 4
w 3 4
w 14 4
w 15 4
w 19 4
w 20 4
w 31 4
w 32 4
w 33 4
w 6 5
w 7 5
w 9 5
w 10 5
w 11 5
w 12 5
w 14 5
w 15 5
w 17 5
w 19 5
w 20 5
w 22 5
w 23 5
w 24 5
w 25 5
w 27 5
w 28 5
w 1 6
w 2 6
w 3 6
w 4 6
w 14 6
w 15 6
w 17 6
w 19 6
w 20 6
w 30 6
w 31 6
w 32 6
w 33 6
w 1 7
w 2 7
w 3 7
w 4 7
w 6 7
w 7 7
w 8 7
w 9 7
w 10 7
w 11 7
w 13 7
w 14 7
w 15 7
w 17 7
w 19 7
w 20 7
w 21 7
w 23 7
w 24 7
w 25 7
w 26 7
w 27 7
w 28 7
w 30 7
w 31 7
w 32 7
w 33 7
w 1 8
w 2 8
w 3 8
w 4 8
w 6 8
w 7 8
w 8 8
w 9 8
w 10 8
w 11 8
w 13 8
w 14 8
w 15 8
w 17 8
w 19 8
w 20 8
w 21 8
w 23 8
w 24 8
w 25 8
w 26 8
w 27 8
w 28 8
w 30 8
w 31 8
w 32 8
w 33 8
w 1 9
w 2 9
w 3 9
w 4 9
w 11 9
w 13 9
w 14 9
w 15 9
w 19 9
w 20 9
w 21 9
w 23 9
w 30 9
w 31 9
w 32 9
w 33 9
w 1 10
w 2 10
w 3 10
w 4 10
w 6 10
w 7 10
w 8 10
w 9 10
w 13 10
w 14 10
w 15 10
w 16 10
w 17 10
w 18 10
w 19 10
w 20 10
w 21 10
w 25 10
w 26 10
w 27 10
w 28 10
w 30 10
w 31 10
w 32 10
w 33 10
w 1 11
w 2 11
w 3 11
w 4 11
w 6 11
w 7 11
w 8 11
w 9 11
w 11 11
w 12 11
w 13 11
w 14 11
w 15 11
w 16 11
w 17 11
w 18 11
w 19 11
w 20 11
w 21 11
w 22 11
w 23 11
w 25 11
w 26 11
w 27 11
w 28 11
w 30 11
w 31 11
w 32 11
w 33 11
w 1 12
w 2 12
w 3 12
w 4 12
w 6 12
w 7 12
w 8 12
w 9 12
w 11 12
w 12 12
w 13 12
w 14 12
w 15 12
w 16 12
w 17 12
w 18 12
w 19 12
w 20 12
w 21 12
w 22 12
w 23 12
w 25 12
w 26 12
w 27 12
w 28 12
w 30 12
w 31 12
w 32 12
w 33 12
w 9 13
w 11 13
w 23 13
w 25 13
w 1 14
w 2 14
w 3 14
w 4 14
w 6 14
w 7 14
w 9 14
w 11 14
w 13 14
w 14 14
w 15 14
w 16 14
w 17 14
w 18 14
w 19 14
w 20 14
w 21 14
w 23 14
w 25 14
w 27 14
w 28 14
w 30 14
w 31 14
w 32 14
w 33 14
w 6 15
w 7 15
w 13 15
w 14 15
w 15 15
w 16 15
w 17 15
w 18 15
w 19 15
w 20 15
w 21 15
w 27 15
w 28 15
w 1 16
w 2 16
w 3 16
w 4 16
w 8 16
w 10 16
w 12 16
w 13 16
w 14 16
w 15 16
w 16 16
w 17 16
w 18 16
w 19 16
w 20 16
w 21 16
w 22 16
w 24 16
w 26 16
w 30 16
w 31 16
w 32 16
w 33 16
w 1 17
w 2 17
w 3 17
w 4 17
w 5 17
w 6 17
w 8 17
w 10 17
w 12 17
w 13 17
w 14 17
w 15 17
w 16 17
w 17 17
w 18 17
w 19 17
w 20 17
w 21 17
w 22 17
w 24 17
w 26 17
w 28 17
w 29 17
w 30 17
w 31 17
w 32 17
w 33 17
w 1 18
w 2 18
w 3 18
w 4 18
w 5 18
w 6 18
w 8 18
w 10 18
w 12 18
w 13 18
w 14 18
w 15 18
w 16 18
w 17 18
w 18 18
w 19 18
w 20 18
w 21 18
w 22 18
w 24 18
w 26 18
w 28 18
w 29 18
w 30 18
w 31 18
w 32 18
w 33 18
w 12 19
w 13 19
w 14 19
w 15 19
w 16 19
w 17 19
w 18 19
w 19 19
w 20 19
w 21 19
w 22 19
p 1 0
p 14 0
p 16 0
p 17 0
p 18 0
p 19 0
p 31 0
p 33 0
p 0 1
p 3 1
p 14 1
p 20 1
p 3 2
p 4 2
p 5 2
p 8 2
p 26 2
p 28 2
p 0 3
p 13 3
p 16 3
p 19 3
p 21 3
p 26 3
p 30 3
p 0 4
p 6 4
p 8 4
p 10 4
p 11 4
p 12 4
p 16 4
p 17 4
p 25 4
p 26 4
p 27 4
p 28 4
p 30 4
p 34 4
p 3 5
p 4 5
p 5 5
p 13 5
p 18 5
p 21 5
p 29 5
p 30 5
p 34 5
p 0 6
p 5 6
p 6 6
p 16 6
p 23 6
p 24 6
p 27 6
p 28 6
p 29 6
p 34 6
p 5 7
p 12 7
p 16 7
p 29 7
p 0 8
p 12 8
p 16 8
p 18 8
p 34 8
p 0 9
p 5 9
p 7 9
p 9 9
p 17 9
p 18 9
p 22 9
p 24 9
p 25 9
p 26 9
p 28 9
p 29 9
p 5 10
p 10 10
p 11 10
p 23 10
p 24 10
p 29 10
p 34 10
p 5 11
p 10 11
p 34 11
p 5 12
p 24 12
p 29 12
p 2 13
p 5 13
p 6 13
p 7 13
p 8 13
p 10 13
p 17 13
p 22 13
p 24 13
p 26 13
p 27 13
p 28 13
p 29 13
p 30 13
p 33 13
p 34 13
p 0 14
p 8 14
p 12 14
p 22 14
p 24 14
p 34 14
p 0 15
p 1 15
p 5 15
p 8 15
p 10 15
p 11 15
p 12 15
p 22 15
p 23 15
p 26 15
p 32 15
p 34 15
p 5 16
p 7 16
p 11 16
p 25 16
p 27 16
p 11 17
p 23 17
p 25 17
p 27 17
p 34 17
p 25 18
p 27 18
p 1 19
p 2 19
p 3 19
p 5 19
p 6 19
p 7 19
p 8 19
p 10 19
p 25 19
p 27 19
p 28 19
p 29 19
p 30 19
p 32 19
p 33 19
p 34 19
t 1400 0
m 0 19
1 34 1
2 34 1
3 34 1
f 34 3
t 1399 0
m 0 18
1 34 2
2 34 2
3 34 2
t 1398 0
m 0 17
1 34 3
2 34 3
3 34 3
t 1397 0
m 0 18
1 34 4
2 34 4
3 34 4
t 1396 0
m 0 17
1 34 5
2 34 5
3 34 5
t 1395 0
m 0 16
1 34 6
2 34 6
3 34 6
t 1394 0
m 0 16
1 34 7
2 34 7
3 34 7
t 1393 0
m 0 15
1 34 8
2 34 8
3 34 8
t 1392 0
m 0 16
1 34 9
2 34 9
3 34 9
t 1391 0
m 0 17
1 34 10
2 34 10
3 34 10
t 1390 0
m 0 17
1 34 11
2 34 11
3 34 11
t 1389 0
m 0 16
1 34 12
2 34 12
3 34 12
t 1388 0
m 0 15
1 34 13
2 34 13
3 34 13
t 1387 0
m 1 15
1 34 14
2 34 14
3 34 14
t 1386 1
m 1 15
1 34 15
2 34 15
3 34 15
t 1385 1
m 0 15
1 33 15
2 33 15
3 33 15
t 1384 1
m 0 14
1 32 15
2 32 15
3 32 15
t 1383 1
m 0 15
1 31 15
2 31 15
3 31 15
t 1382 1
m 0 14
1 30 15
2 30 15
3 30 15
t 1381 1
m 0 13
1 29 15
2 29 15
3 29 15
t 1380 1
m 0 12
1 29 14
2 29 14
3 29 14
t 1379 1
m 0 11
1 29 13
2 29 13
3 29 13
t 1378 1
m 0 12
1 29 12
2 29 12
3 29 12
t 1377 1
m 0 13
1 29 13
2 29 13
3 29 13
t 1376 1
m 1 13
1 28 13
2 28 13
3 28 13
t 1375 1
m 2 13
1 27 13
2 27 13
3 27 13
t 1374 2
m 2 13
1 26 13
2 26 13
3 26 13
t 1373 2
m 3 13
1 26 14
2 26 14
3 26 14
t 1372 2
m 3 13
1 26 13
2 26 13
3 26 13
t 1371 2
m 4 13
1 26 14
2 26 14
3 26 14
t 1370 2
m 5 13
1 26 13
2 26 13
3 26 13
t 1369 3
m 5 12
1 26 14
2 26 14
3 26 14
t 1368 3
m 5 11
1 26 13
2 26 13
3 26 13
t 1367 4
m 5 10
1 26 14
2 26 14
3 26 14
t 1366 5
m 5 9
1 26 13
2 26 13
3 26 13
t 1365 5
m 5 8
1 26 14
2 26 14
3 26 14
t 1364 5
m 5 7
1 26 13
2 26 13
3 26 13
t 1363 6
m 5 6
1 26 14
2 26 14
3 26 14
t 1362 7
m 6 6
1 26 13
2 26 13
3 26 13
t 1361 7
m 6 6
1 26 14
2 26 14
3 26 14
t 1360 7
m 7 6
1 26 13
2 26 13
3 26 13
t 1359 7
m 6 6
1 26 14
2 26 14
3 26 14
t 1358 7
m 5 6
1 26 13
2 26 13
3 26 13
t 1357 7
m 5 5
1 26 14
2 26 14
3 26 14
t 1356 8
m 5 4
1 26 13
2 26 13
3 26 13
t 1355 8
m 5 4
1 26 14
2 26 14
3 26 14
t 1354 8
m 6 4
1 26 13
2 26 13
3 26 13
t 1353 9
m 7 4
1 26 14
2 26 14
3 26 14
t 1352 9
m 6 4
1 26 13
2 26 13
3 26 13
t 1351 9
m 7 4
1 26 14
2 26 14
3 26 14
t 1350 9
m 8 4
1 26 13
2 26 13
3 26 13
t 1349 9
m 8 3
1 26 14
2 26 14
3 26 14
t 1348 9
m 8 3
1 26 13
2 26 13
3 26 13
t 1347 9
m 8 2
1 26 14
2 26 14
3 26 14
t 1346 10
m 8 2
1 26 13
2 26 13
3 26 13
t 1345 10
m 8 2
1 26 14
2 26 14
3 26 14
t 1344 10
m 8 2
1 26 13
2 26 13
3 26 13
t 1343 10
m 8 2
1 26 14
2 26 14
3 26 14
t 1342 10
m 7 2
1 26 13
2 26 13
3 26 13
t 1341 10
m 6 2
1 26 14
2 26 14
3 26 14
t 1340 10
m 5 2
1 26 13
2 26 13
3 26 13
t 1339 11
m 4 2
1 26 14
2 26 14
3 26 14
t 1338 11
m 5 2
1 26 13
2 26 13
3 26 13
t 1337 11
m 6 2
1 26 14
2 26 14
3 26 14
t 1336 11
m 6 2
1 26 13
2 26 13
3 26 13
t 1335 11
m 6 2
1 26 14
2 26 14
3 26 14
t 1334 11
m 5 2
1 26 13
2 26 13
3 26 13
t 1333 11
m 4 2
1 26 14
2 26 14
3 26 14
t 1332 11
m 3 2
1 26 13
2 26 13
3 26 13
t 1331 12
m 3 2
1 26 14
2 26 14
3 26 14
t 1330 12
m 3 1
1 26 13
2 26 13
3 26 13
t 1329 12
m 3 0
1 26 14
2 26 14
3 26 14
t 1328 12
m 3 1
1 26 13
2 26 13
3 26 13
t 1327 12
m 3 1
1 26 14
2 26 14
3 26 14
t 1326 12
m 3 1
1 26 13
2 26 13
3 26 13
t 1325 12
m 3 2
1 26 14
2 26 14
3 26 14
t 1324 12
m 3 2
1 26 13
2 26 13
3 26 13
t 1323 12
m 4 2
1 26 14
2 26 14
3 26 14
t 1322 12
m 4 3
1 26 13
2 26 13
3 26 13
t 1321 12
m 4 4
1 26 14
2 26 14
3 26 14
t 1320 12
m 4 5
1 26 13
2 26 13
3 26 13
t 1319 13
m 3 5
1 26 14
2 26 14
3 26 14
t 1318 14
m 2 5
1 26 13
2 26 13
3 26 13
t 1317 14
m 1 5
1 26 14
2 26 14
3 26 14
t 1316 14
m 2 5
1 26 13
2 26 13
3 26 13
t 1315 14
m 3 5
1 26 14
2 26 14
3 26 14
t 1314 14
m 2 5
1 26 13
2 26 13
3 26 13
t 1313 14
m 3 5
1 26 14
2 26 14
3 26 14
t 1312 14
m 3 5
1 26 13
2 26 13
3 26 13
t 1311 14
m 2 5
1 26 14
2 26 14
3 26 14
t 1310 14
m 1 5
1 26 13
2 26 13
3 26 13
t 1309 14
m 0 5
1 26 14
2 26 14
3 26 14
t 1308 14
m 0 5
1 26 13
2 26 13
3 26 13
t 1307 14
m 0 4
1 26 14
2 26 14
3 26 14
t 1306 14
m 0 3
1 26 13
2 26 13
3 26 13
t 1305 15
m 0 3
1 26 14
2 26 14
3 26 14
t 1304 15
m 0 2
1 26 13
2 26 13
3 26 13
t 1303 15
m 0 1
1 26 14
2 26 14
3 26 14
t 1302 16
m 0 0
1 26 13
2 26 13
3 26 13
t 1301 16
m 0 0
1 26 14
2 26 14
3 26 14
t 1300 16
m 1 0
1 26 13
2 26 13
3 26 13
t 1299 16
m 0 0
1 26 14
2 26 14
3 26 14
t 1298 16
m 0 1
1 26 13
2 26 13
3 26 13
t 1297 16
m 0 2
1 26 14
2 26 14
3 26 14
t 1296 16
m 0 3
1 26 13
2 26 13
3 26 13
t 1295 16
m 0 2
1 26 14
2 26 14
3 26 14
t 1294 16
m 0 3
1 26 13
2 26 13
3 26 13
t 1293 16
m 0 3
1 26 14
2 26 14
3 26 14
t 1292 16
m 0 3
1 26 13
2 26 13
3 26 13
t 1291 16
m 0 3
1 26 14
2 26 14
3 26 14
t 1290 16
m 0 3
1 26 13
2 26 13
3 26 13
t 1289 16
m 0 3
1 26 14
2 26 14
3 26 14
t 1288 16
m 0 4
1 26 13
2 26 13
3 26 13
t 1287 16
m 0 4
1 26 14
2 26 14
3 26 14
t 1286 16
m 0 4
1 26 13
2 26 13
3 26 13
t 1285 16
m 0 5
1 26 14
2 26 14
3 26 14
t 1284 16
m 0 5
1 26 13
2 26 13
3 26 13
t 1283 16
m 0 6
1 26 14
2 26 14
3 26 14
t 1282 17
m 0 7
1 26 13
2 26 13
3 26 13
t 1281 17
m 0 8
1 26 14
2 26 14
3 26 14
t 1280 18
m 0 9
1 26 13
2 26 13
3 26 13
t 1279 18
m 0 9
1 26 14
2 26 14
3 26 14
t 1278 18
m 0 9
1 26 13
2 26 13
3 26 13
t 1277 18
m 0 10
1 26 14
2 26 14
3 26 14
t 1276 18
m 0 11
1 26 13
2 26 13
3 26 13
t 1275 18
m 0 11
1 26 14
2 26 14
3 26 14
t 1274 18
m 0 12
1 26 13
2 26 13
3 26 13
t 1273 18
m 0 13
1 26 14
2 26 14
3 26 14
t 1272 18
m 0 13
1 26 13
2 26 13
3 26 13
t 1271 18
m 1 13
1 26 14
2 26 14
3 26 14
t 1270 18
m 1 13
1 26 13
2 26 13
3 26 13
t 1269 18
m 1 13
1 26 14
2 26 14
3 26 14
t 1268 18
m 2 13
1 26 13
2 26 13
3 26 13
t 1267 18
m 2 13
1 26 14
2 26 14
3 26 14
t 1266 18
m 2 13
1 26 13
2 26 13
3 26 13
t 1265 18
m 2 13
1 26 14
2 26 14
3 26 14
t 1264 18
m 3 13
1 26 13
2 26 13
3 26 13
t 1263 18
m 4 13
1 26 14
2 26 14
3 26 14
t 1262 18
m 4 13
1 26 13
2 26 13
3 26 13
t 1261 18
m 5 13
1 26 14
2 26 14
3 26 14
t 1260 18
m 6 13
1 26 13
2 26 13
3 26 13
t 1259 19
m 6 13
1 26 14
2 26 14
3 26 14
t 1258 19
m 5 13
1 26 13
2 26 13
3 26 13
t 1257 19
m 6 13
1 26 14
2 26 14
3 26 14
t 1256 19
m 7 13
1 26 13
2 26 13
3 26 13
t 1255 20
m 8 13
1 26 14
2 26 14
3 26 14
t 1254 20
m 8 14
1 26 13
2 26 13
3 26 13
t 1253 21
m 8 15
1 26 14
2 26 14
3 26 14
t 1252 22
m 9 15
1 26 15
2 26 15
3 26 15
t 1251 22
m 10 15
1 25 15
2 25 15
3 25 15
t 1250 22
m 11 15
1 24 15
2 24 15
3 24 15
t 1249 23
m 12 15
1 23 15
2 23 15
3 23 15
t 1248 24
m 12 14
1 22 15
2 22 15
3 22 15
t 1247 24
m 12 13
1 22 14
2 22 14
3 22 14
t 1246 24
m 12 13
1 22 13
2 22 13
3 22 13
t 1245 24
m 13 13
1 21 13
2 21 13
3 21 13
t 1244 24
m 14 13
1 20 13
2 20 13
3 20 13
t 1243 24
m 14 13
1 19 13
2 19 13
3 19 13
t 1242 24
m 13 13
1 18 13
2 18 13
3 18 13
t 1241 24
m 12 13
1 17 13
2 17 13
3 17 13
t 1240 24
m 12 13
1 16 13
2 16 13
3 16 13
t 1239 24
m 12 14
1 15 13
2 15 13
3 15 13
t 1238 24
m 12 13
1 14 13
2 14 13
3 14 13
t 1237 24
m 12 13
1 13 13
2 13 13
3 13 13
t 1236 24
m 12 13
1 12 13
2 12 13
3 12 13
t 1235 24
