35
20
m 0 19
1 34 0
2 34 0
3 34 0
w 1 1
w 3 1
w 4 1
w 5 1
w 6 1
w 7 1
w 9 1
w 10 1
w 11 1
w 12 1
w 14 1
w 15 1
w 17 1
w 19 1
w 20 1
w 22 1
w 23 1
w 24 1
w 25 1
w 27 1
w 28 1
w 29 1
w 30 1
w 31 1
w 33 1
w 1 2
w 3 2
w 4 2
w 5 2
w 6 2
w 7 2
w 9 2
w 10 2
w 11 2
w 12 2
w 14 2
w 15 2
w 19 2
w 20 2
w 22 2
w 23 2
w 24 2
w 25 2
w 27 2
w 28 2
w 29 2
w 30 2
w 31 2
w 33 2
w 1 3
w 3 3
w 4 3
w 5 3
w 6 3
w 7 3
w 9 3
w 10 3
w 11 3
w 12 3
w 14 3
w 15 3
w 17 3
w 19 3
w 20 3
w 22 3
w 23 3
w 24 3
w 25 3
w 27 3
w 28 3
w 29 3
w 30 3
w 31 3
w 33 3
w 3 4
w 4 4
w 5 4
w 6 4
w 7 4
w 14 4
w 15 4
w 17 4
w 19 4
w 20 4
w 27 4
w 28 4
w 29 4
w 30 4
w 31 4
w 1 5
w 2 5
w 3 5
w 4 5
w 5 5
w 6 5
w 7 5
w 9 5
w 11 5
w 12 5
w 17 5
w 22 5
w 23 5
w 25 5
w 27 5
w 28 5
w 29 5
w 30 5
w 31 5
w 32 5
w 33 5
w 6 6
w 7 6
w 9 6
w 11 6
w 12 6
w 14 6
w 15 6
w 16 6
w 17 6
w 18 6
w 19 6
w 20 6
w 22 6
w 23 6
w 25 6
w 27 6
w 28 6
w 0 7
w 1 7
w 2 7
w 3 7
w 4 7
w 6 7
w 7 7
w 9 7
w 11 7
w 12 7
w 14 7
w 15 7
w 16 7
w 17 7
w 18 7
w 19 7
w 20 7
w 22 7
w 23 7
w 25 7
w 27 7
w 28 7
w 30 7
w 31 7
w 32 7
w 33 7
w 34 7
w 0 8
w 1 8
w 2 8
w 3 8
w 4 8
w 6 8
w 7 8
w 9 8
w 11 8
w 12 8
w 14 8
w 15 8
w 16 8
w 17 8
w 18 8
w 19 8
w 20 8
w 22 8
w 23 8
w 25 8
w 27 8
w 28 8
w 30 8
w 31 8
w 32 8
w 33 8
w 34 8
w 0 9
w 1 9
w 2 9
w 3 9
w 4 9
w 6 9
w 7 9
w 14 9
w 15 9
w 16 9
w 17 9
w 18 9
w 19 9
w 20 9
w 27 9
w 28 9
w 30 9
w 31 9
w 32 9
w 33 9
w 34 9
w 0 10
w 1 10
w 2 10
w 6 10
w 7 10
w 8 10
w 9 10
w 10 10
w 12 10
w 14 10
w 15 10
w 16 10
w 17 10
w 18 10
w 19 10
w 20 10
w 22 10
w 24 10
w 25 10
w 26 10
w 27 10
w 28 10
w 32 10
w 33 10
w 34 10
w 0 11
w 1 11
w 2 11
w 4 11
w 5 11
w 6 11
w 7 11
w 8 11
w 9 11
w 10 11
w 12 11
w 14 11
w 15 11
w 16 11
w 17 11
w 18 11
w 19 11
w 20 11
w 22 11
w 24 11
w 25 11
w 26 11
w 27 11
w 28 11
w 29 11
w 30 11
w 32 11
w 33 11
w 34 11
w 0 12
w 1 12
w 2 12
w 4 12
w 5 12
w 6 12
w 7 12
w 27 12
w 28 12
w 29 12
w 30 12
w 32 12
w 33 12
w 34 12
w 0 13
w 1 13
w 2 13
w 4 13
w 5 13
w 6 13
w 7 13
w 9 13
w 10 13
w 12 13
w 14 13
w 15 13
w 16 13
w 17 13
w 18 13
w 19 13
w 20 13
w 22 13
w 24 13
w 25 13
w 27 13
w 28 13
w 29 13
w 30 13
w 32 13
w 33 13
w 34 13
w 4 14
w 5 14
w 6 14
w 7 14
w 9 14
w 10 14
w 12 14
w 14 14
w 15 14
w 16 14
w 17 14
w 18 14
w 19 14
w 20 14
w 22 14
w 24 14
w 25 14
w 27 14
w 28 14
w 29 14
w 30 14
w 1 15
w 2 15
w 3 15
w 4 15
w 5 15
w 6 15
w 7 15
w 12 15
w 14 15
w 15 15
w 16 15
w 17 15
w 18 15
w 19 15
w 20 15
w 22 15
w 27 15
w 28 15
w 29 15
w 30 15
w 31 15
w 32 15
w 33 15
w 1 16
w 2 16
w 3 16
w 4 16
w 5 16
w 6 16
w 7 16
w 8 16
w 9 16
w 10 16
w 24 16
w 25 16
w 26 16
w 27 16
w 28 16
w 29 16
w 30 16
w 31 16
w 32 16
w 33 16
w 1 17
w 2 17
w 3 17
w 4 17
w 5 17
w 6 17
w 7 17
w 8 17
w 9 17
w 10 17
w 11 17
w 13 17
w 15 17
w 17 17
w 19 17
w 21 17
w 23 17
w 24 17
w 25 17
w 26 17
w 27 17
w 28 17
w 29 17
w 30 17
w 31 17
w 32 17
w 33 17
w 1 18
w 2 18
w 3 18
w 4 18
w 5 18
w 6 18
w 7 18
w 8 18
w 9 18
w 10 18
w 11 18
w 13 18
w 15 18
w 17 18
w 19 18
w 21 18
w 23 18
w 24 18
w 25 18
w 26 18
w 27 18
w 28 18
w 29 18
w 30 18
w 31 18
w 32 18
w 33 18
w 13 19
w 17 19
w 21 19
p 2 0
p 3 0
p 6 0
p 7 0
p 11 0
p 12 0
p 13 0
p 15 0
p 16 0
p 17 0
p 19 0
p 20 0
p 21 0
p 22 0
p 24 0
p 25 0
p 26 0
p 27 0
p 29 0
p 30 0
p 34 0
p 0 1
p 8 1
p 13 1
p 16 1
p 18 1
p 26 1
p 2 2
p 8 2
p 13 2
p 16 2
p 17 2
p 18 2
p 21 2
p 13 3
p 16 3
p 18 3
p 21 3
p 26 3
p 32 3
p 0 4
p 2 4
p 8 4
p 9 4
p 10 4
p 11 4
p 12 4
p 21 4
p 26 4
p 32 4
p 8 5
p 18 5
p 19 5
p 24 5
p 34 5
p 0 6
p 2 6
p 3 6
p 4 6
p 5 6
p 10 6
p 21 6
p 24 6
p 26 6
p 29 6
p 30 6
p 8 7
p 10 7
p 13 7
p 21 7
p 24 7
p 26 7
p 21 8
p 26 8
p 8 9
p 9 9
p 12 9
p 21 9
p 22 9
p 24 9
p 26 9
p 29 9
p 4 10
p 11 10
p 13 10
p 21 10
p 30 10
p 31 10
p 11 11
p 21 11
p 23 11
p 31 11
p 3 12
p 8 12
p 13 12
p 15 12
p 16 12
p 18 12
p 19 12
p 20 12
p 21 12
p 26 12
p 31 12
p 8 13
p 11 13
p 23 13
p 26 13
p 31 13
p 1 14
p 2 14
p 21 14
p 23 14
p 26 14
p 31 14
p 33 14
p 0 15
p 9 15
p 11 15
p 21 15
p 23 15
p 25 15
p 26 15
p 34 15
p 0 16
p 11 16
p 14 16
p 15 16
p 19 16
p 21 16
p 22 16
p 0 17
p 12 17
p 14 17
p 34 17
p 0 18
p 12 18
p 16 18
p 20 18
p 3 19
p 4 19
p 5 19
p 6 19
p 7 19
p 8 19
p 9 19
p 10 19
p 12 19
p 14 19
p 16 19
p 18 19
p 20 19
p 22 19
p 25 19
p 26 19
p 28 19
p 29 19
p 31 19
p 32 19
t 1400 0
m 0 19
1 33 0
2 33 0
3 34 1
t 1399 0
m 0 19
1 34 0
2 32 0
3 34 2
t 1398 0
m 0 19
1 33 0
2 31 0
3 34 1
t 1397 0
m 1 19
1 32 0
2 30 0
3 34 2
t 1396 0
m 0 19
1 33 0
2 31 0
3 34 3
t 1395 0
m 1 19
1 34 0
2 30 0
3 34 4
t 1394 0
m 2 19
1 33 0
2 31 0
3 34 3
t 1393 0
m 2 19
1 32 0
2 30 0
3 34 4
t 1392 0
m 3 19
1 33 0
2 29 0
3 34 3
t 1391 0
m 4 19
1 32 0
2 28 0
3 34 4
t 1390 1
m 4 19
1 32 1
2 27 0
3 34 5
t 1389 1
m 5 19
1 32 0
2 28 0
3 34 6
t 1388 1
m 5 19
1 32 1
2 27 0
3 34 5
t 1387 1
m 4 19
1 32 0
2 26 0
3 34 6
t 1386 1
m 3 19
1 32 1
2 26 1
3 34 5
t 1385 1
m 2 19
1 32 0
2 26 2
3 34 4
t 1384 1
m 2 19
1 33 0
2 26 1
3 34 5
t 1383 1
m 1 19
1 32 0
2 26 0
3 34 6
t 1382 1
m 0 19
1 33 0
2 26 1
3 33 6
t 1381 1
m 0 18
1 34 0
2 26 2
3 34 6
t 1380 2
m 0 19
1 33 0
2 26 3
3 34 5
t 1379 2
m 0 18
1 32 0
2 26 2
3 34 6
t 1378 2
m 0 18
1 33 0
2 26 1
3 34 5
t 1377 2
m 0 17
1 32 0
2 26 0
3 34 4
t 1376 3
m 0 17
1 31 0
2 26 1
3 34 5
t 1375 3
m 0 17
1 32 0
2 26 0
3 34 6
t 1374 3
m 0 16
1 33 0
2 27 0
3 34 5
t 1373 3
m 0 16
1 32 0
2 26 0
3 34 4
t 1372 3
m 0 17
1 32 1
2 26 1
3 34 5
t 1371 3
m 0 18
1 32 2
2 26 0
3 34 4
t 1370 3
m 0 18
1 32 1
2 26 1
3 34 5
t 1369 3
m 0 19
1 32 2
2 26 0
3 34 6
t 1368 3
m 0 19
1 32 1
2 25 0
3 34 5
t 1367 3
m 0 18
1 32 0
2 26 0
3 34 6
t 1366 3
m 0 17
1 31 0
2 25 0
3 33 6
t 1365 3
m 0 18
1 30 0
2 24 0
3 34 6
t 1364 3
m 0 19
1 29 0
2 23 0
3 34 5
t 1363 3
m 1 19
1 30 0
2 24 0
3 34 4
t 1362 3
m 2 19
1 29 0
2 23 0
3 33 4
t 1361 3
m 1 19
1 30 0
2 22 0
3 32 4
t 1360 3
m 2 19
1 31 0
2 23 0
3 33 4
t 1359 3
m 1 19
1 30 0
2 22 0
3 34 4
f 18 18
t 1358 3
m 1 19
1 31 0
2 21 0
3 34 5
t 1357 3
m 1 19
1 30 0
2 21 1
3 34 6
t 1356 3
m 1 19
1 31 0
2 21 2
3 34 5
t 1355 3
m 1 19
1 32 0
2 21 3
3 34 4
t 1354 3
m 1 19
1 31 0
2 21 2
3 33 4
t 1353 3
m 0 19
1 30 0
2 21 3
3 32 4
t 1352 3
m 0 18
1 29 0
2 21 2
3 33 4
t 1351 3
m 0 17
1 30 0
2 21 1
3 32 4
t 1350 3
m 0 17
1 29 0
2 21 2
3 32 3
t 1349 3
m 0 18
1 28 0
2 21 3
3 32 2
t 1348 3
m 0 17
1 27 0
2 21 2
3 32 1
t 1347 3
m 0 16
1 26 0
2 21 3
3 32 2
t 1346 3
m 0 15
1 27 0
2 21 4
3 32 3
t 1345 4
m 0 15
1 28 0
2 21 3
3 32 2
t 1344 4
m 0 16
1 27 0
2 21 4
3 32 3
t 1343 4
m 0 15
1 28 0
2 21 5
3 32 4
t 1342 4
m 0 15
1 29 0
2 21 4
3 33 4
t 1341 4
m 0 14
1 28 0
2 21 3
3 32 4
t 1340 4
m 0 15
1 27 0
2 21 4
3 33 4
t 1339 4
m 0 15
1 26 0
2 21 5
3 32 4
t 1338 4
m 0 16
1 26 1
2 21 4
3 32 3
t 1337 4
m 0 17
1 26 2
2 22 4
3 32 4
t 1336 4
m 0 16
1 26 1
2 21 4
3 33 4
t 1335 4
m 0 16
1 26 0
2 22 4
3 34 4
t 1334 4
m 0 17
1 25 0
2 21 4
3 34 5
t 1333 4
m 0 16
1 26 0
2 22 4
3 34 6
t 1332 4
m 0 15
1 27 0
2 23 4
3 33 6
t 1331 4
m 0 15
1 28 0
2 24 4
3 32 6
t 1330 4
m 0 14
1 29 0
2 23 4
3 31 6
t 1329 4
m 0 15
1 28 0
2 22 4
3 32 6
t 1328 4
m 0 15
1 29 0
2 23 4
3 33 6
t 1327 4
m 0 16
1 30 0
2 22 4
3 34 6
t 1326 4
m 0 15
1 31 0
2 21 4
3 34 5
t 1325 4
m 0 14
1 30 0
2 22 4
3 34 6
t 1324 4
m 0 14
1 29 0
2 23 4
3 33 6
t 1323 4
m 1 14
1 28 0
2 22 4
3 32 6
t 1322 5
m 1 14
1 29 0
2 23 4
3 31 6
t 1321 5
m 2 14
1 28 0
2 24 4
3 30 6
t 1320 5
m 3 14
1 27 0
2 23 4
3 29 6
t 1319 5
m 3 14
1 26 0
2 24 4
3 29 7
t 1318 5
m 3 14
1 26 1
2 23 4
3 29 8
t 1317 5
m 3 14
1 26 0
2 22 4
3 29 9
t 1316 5
m 3 14
1 27 0
2 23 4
3 29 10
t 1315 5
m 3 14
1 28 0
2 22 4
3 29 9
t 1314 5
m 3 14
1 29 0
2 21 4
3 29 8
t 1313 5
m 3 13
1 30 0
2 22 4
3 29 9
t 1312 5
m 3 13
1 31 0
2 21 4
3 29 10
t 1311 5
m 3 13
1 30 0
2 22 4
3 29 9
t 1310 5
m 3 12
1 31 0
2 21 4
3 29 10
t 1309 6
m 3 12
1 32 0
2 21 5
3 29 9
t 1308 6
m 3 12
1 33 0
2 21 6
3 29 10
t 1307 6
m 3 12
1 32 0
2 21 5
3 30 10
t 1306 6
m 3 13
1 33 0
2 20 5
3 29 10
t 1305 6
m 3 14
1 34 0
2 19 5
3 30 10
t 1304 6
m 3 14
1 34 1
2 20 5
3 29 10
t 1303 6
m 2 14
1 34 0
2 19 5
3 30 10
t 1302 6
m 3 14
1 33 0
2 18 5
3 29 10
t 1301 6
m 2 14
1 32 0
2 19 5
3 29 9
t 1300 6
m 3 14
1 31 0
2 18 5
3 29 8
t 1299 6
m 2 14
1 32 0
2 18 4
3 29 7
t 1298 6
m 2 14
1 32 1
2 18 5
3 29 8
t 1297 6
m 3 14
1 32 0
2 19 5
3 29 7
t 1296 6
m 2 14
1 33 0
2 18 5
3 29 8
t 1295 6
m 2 14
1 32 0
2 18 4
3 29 9
t 1294 6
m 3 14
1 32 1
2 18 5
3 29 8
t 1293 6
m 2 14
1 32 0
2 19 5
3 29 9
t 1292 6
m 3 14
1 33 0
2 20 5
3 29 8
t 1291 6
m 3 14
1 34 0
2 19 5
3 29 9
t 1290 6
m 3 14
1 34 1
2 18 5
3 29 10
t 1289 6
m 3 13
1 34 2
2 18 4
3 30 10
t 1288 6
m 3 12
1 34 3
2 18 5
3 29 10
t 1287 6
m 3 13
1 34 2
2 18 4
3 29 9
t 1286 6
m 3 13
1 34 3
2 18 3
3 29 8
t 1285 6
m 3 13
1 34 4
2 18 2
3 29 9
t 1284 6
m 3 14
1 33 4
2 18 3
3 29 8
t 1283 6
m 3 14
1 32 4
2 18 4
3 29 7
t 1282 6
m 3 14
1 33 4
2 18 3
3 29 6
t 1281 6
m 3 14
1 34 4
2 18 2
3 29 7
t 1280 6
m 2 14
1 34 5
2 18 1
3 29 8
t 1279 6
m 2 14
1 34 6
2 18 2
3 29 7
t 1278 6
m 3 14
1 34 5
2 17 2
3 29 6
t 1277 6
m 3 13
1 34 6
2 18 2
3 29 7
t 1276 6
m 3 13
1 34 5
2 17 2
3 29 8
t 1275 6
m 3 12
1 34 4
2 16 2
3 29 7
t 1274 6
m 3 12
1 33 4
2 17 2
3 29 6
t 1273 6
m 3 12
1 34 4
2 16 2
3 29 7
t 1272 6
m 3 13
1 33 4
2 17 2
3 29 6
t 1271 6
m 3 14
1 34 4
2 18 2
3 30 6
t 1270 6
m 3 13
1 34 3
2 18 1
3 29 6
t 1269 6
m 3 13
1 34 2
2 18 0
3 29 7
t 1268 6
m 3 12
1 34 1
2 19 0
3 29 8
t 1267 6
m 3 11
1 34 0
2 18 0
3 29 9
t 1266 6
m 3 10
1 34 1
2 17 0
3 29 8
t 1265 6
m 4 10
1 34 0
2 18 0
3 29 9
t 1264 6
m 4 10
1 34 1
2 18 1
3 29 8
t 1263 6
m 4 10
1 34 2
2 18 2
3 29 7
t 1262 6
m 5 10
1 34 1
2 18 1
3 29 6
t 1261 6
m 5 10
1 34 2
2 18 0
3 30 6
t 1260 6
m 4 10
1 34 1
2 19 0
3 31 6
t 1259 6
m 5 10
1 34 0
2 20 0
3 32 6
t 1258 6
m 5 10
1 34 1
2 21 0
3 31 6
t 1257 6
m 5 10
1 34 0
2 21 1
3 30 6
t 1256 6
m 4 10
1 34 1
2 21 0
3 29 6
t 1255 6
m 4 10
1 34 0
2 20 0
3 30 6
t 1254 6
m 4 10
1 33 0
2 19 0
3 29 6
t 1253 6
m 4 10
1 32 0
2 18 0
3 30 6
t 1252 6
m 3 10
1 33 0
2 19 0
3 31 6
t 1251 6
m 3 11
1 32 0
2 20 0
3 30 6
t 1250 6
m 3 12
1 32 1
2 21 0
3 29 6
t 1249 6
m 3 13
1 32 0
2 22 0
3 30 6
t 1248 6
m 3 13
1 32 1
2 23 0
3 29 6
t 1247 6
m 3 12
1 32 2
2 24 0
3 30 6
t 1246 6
m 3 11
1 32 1
2 25 0
3 29 6
t 1245 6
m 3 11
1 32 0
2 26 0
3 30 6
t 1244 6
m 3 12
1 33 0
2 26 1
3 31 6
t 1243 6
m 3 13
1 34 0
2 26 2
3 30 6
t 1242 6
m 3 14
1 34 1
2 26 1
3 29 6
t 1241 6
m 2 14
1 34 2
2 26 0
3 29 7
t 1240 6
m 1 14
1 34 3
2 26 1
3 29 6
t 1239 6
m 1 14
1 34 4
2 26 2
3 29 7
t 1238 6
m 1 14
1 33 4
2 26 1
3 29 8
t 1237 6
m 2 14
1 34 4
2 26 0
3 29 9
t 1236 6
m 2 14
1 34 3
2 25 0
3 29 8
t 1235 6
m 1 14
1 34 4
2 24 0
3 29 9
t 1234 6
m 1 14
1 34 5
2 25 0
3 29 10
t 1233 6
m 2 14
1 34 4
2 26 0
3 30 10
t 1232 6
m 3 14
1 34 3
2 27 0
3 31 10
t 1231 6
m 2 14
1 34 2
2 26 0
3 31 11
t 1230 6
m 3 14
1 34 3
2 26 1
3 31 12
t 1229 6
m 3 13
1 34 2
2 26 0
3 31 13
t 1228 6
m 3 12
1 34 3
2 25 0
3 31 14
t 1227 6
m 3 11
1 34 4
2 24 0
3 32 14
t 1226 6
m 3 11
1 33 4
2 23 0
3 31 14
t 1225 6
m 3 11
1 32 4
2 22 0
3 31 13
t 1224 6
m 3 11
1 32 3
2 23 0
3 31 14
t 1223 6
m 3 12
1 32 2
2 22 0
3 31 13
t 1222 6
m 3 12
1 32 1
2 21 0
3 31 14
t 1221 6
m 3 11
1 32 0
2 21 1
3 32 14
t 1220 6
m 3 10
1 33 0
2 21 2
3 31 14
t 1219 6
m 3 10
1 34 0
2 21 3
3 32 14
t 1218 6
m 3 11
1 34 1
2 21 4
3 31 14
t 1217 6
m 3 10
1 34 2
2 21 5
3 31 13
t 1216 6
m 4 10
1 34 1
2 21 4
3 31 12
t 1215 6
m 4 10
1 34 0
2 22 4
3 31 13
t 1214 6
m 5 10
1 33 0
2 21 4
3 31 12
t 1213 6
m 4 10
1 32 0
2 21 3
3 31 13
t 1212 6
m 3 10
1 33 0
2 21 2
3 31 14
t 1211 6
m 4 10
1 34 0
2 21 1
3 32 14
t 1210 6
m 3 10
1 33 0
2 21 0
3 31 14
t 1209 6
m 3 11
1 34 0
2 20 0
3 32 14
t 1208 6
m 3 10
1 34 1
2 21 0
3 31 14
t 1207 6
m 3 11
1 34 2
2 20 0
3 31 13
t 1206 6
m 3 12
1 34 1
2 21 0
3 31 14
t 1205 6
m 3 11
1 34 0
2 20 0
3 31 13
t 1204 6
m 3 11
1 33 0
2 19 0
3 31 14
t 1203 6
m 3 11
1 34 0
2 18 0
3 32 14
t 1202 6
m 3 11
1 33 0
2 19 0
3 31 14
t 1201 6
m 3 12
1 34 0
2 20 0
3 32 14
t 1200 6
m 3 12
1 33 0
2 19 0
3 31 14
t 1199 6
m 3 13
1 32 0
2 18 0
3 32 14
t 1198 6
m 3 14
1 31 0
2 18 1
3 33 14
t 1197 6
m 3 13
1 30 0
2 18 0
3 32 14
t 1196 6
m 3 14
1 31 0
2 18 1
3 33 14
t 1195 6
m 2 14
1 30 0
2 18 2
3 32 14
t 1194 6
m 2 14
1 29 0
2 18 3
3 33 14
t 1193 6
m 1 14
1 30 0
2 18 2
3 34 14
t 1192 6
m 0 14
1 31 0
2 18 1
3 34 15
t 1191 6
m 0 15
1 32 0
2 18 0
3 34 14
t 1190 6
m 0 16
1 33 0
2 18 1
3 34 15
t 1189 6
m 0 15
1 34 0
2 18 0
3 34 16
t 1188 6
m 0 14
1 33 0
2 17 0
3 34 15
t 1187 6
m 0 15
1 32 0
2 16 0
3 34 16
t 1186 6
m 0 15
1 31 0
2 15 0
3 34 17
t 1185 6
m 0 14
1 30 0
2 16 0
3 34 16
t 1184 6
m 0 15
1 31 0
2 16 1
3 34 17
t 1183 6
m 0 14
1 30 0
2 16 0
3 34 18
t 1182 6
m 0 15
1 29 0
2 16 1
3 34 17
t 1181 6
m 0 14
1 28 0
2 16 2
3 34 16
t 1180 6
m 0 14
1 27 0
2 16 1
3 34 15
t 1179 6
m 0 14
1 28 0
2 16 2
3 34 16
t 1178 6
m 0 15
1 29 0
2 16 3
3 34 17
t 1177 6
m 0 14
1 30 0
2 16 2
3 34 16
t 1176 6
m 0 15
1 29 0
2 16 3
3 34 17
t 1175 6
m 0 15
1 30 0
2 16 2
3 34 18
t 1174 6
m 0 16
1 29 0
2 16 1
3 34 19
t 1173 6
m 0 17
1 28 0
2 16 0
3 33 19
t 1172 6
m 0 18
1 29 0
2 15 0
3 34 19
t 1171 6
m 0 18
1 28 0
2 16 0
3 34 18
t 1170 6
m 0 18
1 29 0
2 17 0
3 34 19
t 1169 6
m 0 17
1 28 0
2 16 0
3 34 18
t 1168 6
m 0 17
1 29 0
2 17 0
3 34 19
t 1167 6
m 0 17
1 30 0
2 18 0
3 34 18
t 1166 6
m 0 18
1 31 0
2 17 0
3 34 17
t 1165 6
m 0 18
1 32 0
2 18 0
3 34 18
t 1164 6
m 0 18
1 33 0
2 19 0
3 34 17
t 1163 6
m 0 17
1 34 0
2 20 0
3 34 18
t 1162 6
m 0 18
1 34 1
2 21 0
3 34 17
t 1161 6
m 0 17
1 34 2
2 22 0
3 34 16
t 1160 6
m 0 17
1 34 1
2 21 0
3 34 15
t 1159 6
m 0 16
1 34 0
2 21 1
3 34 16
t 1158 6
m 0 17
1 34 1
2 21 2
3 34 17
t 1157 6
m 0 18
1 34 0
2 21 3
3 34 16
t 1156 6
m 0 19
1 34 1
2 21 4
3 34 15
t 1155 6
m 0 19
1 34 0
2 21 3
3 34 14
t 1154 6
m 1 19
1 33 0
2 21 4
3 34 15
t 1153 6
m 0 19
1 32 0
2 21 5
3 34 14
t 1152 6
m 1 19
1 33 0
2 21 4
3 33 14
t 1151 6
m 2 19
1 32 0
2 21 5
3 34 14
t 1150 6
m 2 19
1 32 1
2 21 4
3 34 15
t 1149 6
m 2 19
1 32 0
2 21 3
3 34 14
t 1148 6
m 3 19
1 31 0
2 21 4
3 34 15
t 1147 6
m 4 19
1 30 0
2 22 4
3 34 14
t 1146 6
m 5 19
1 31 0
2 21 4
3 34 15
t 1145 6
m 5 19
1 30 0
2 21 5
3 34 14
t 1144 6
m 6 19
1 31 0
2 21 6
3 34 15
t 1143 7
m 6 19
1 30 0
2 21 5
3 34 16
t 1142 7
m 5 19
1 29 0
2 21 6
3 34 15
t 1141 7
m 4 19
1 30 0
2 21 7
3 34 16
t 1140 7
m 4 19
1 29 0
2 21 8
3 34 17
t 1139 7
m 5 19
1 30 0
2 21 7
3 34 18
t 1138 7
m 6 19
1 29 0
2 21 8
3 34 17
t 1137 7
m 7 19
1 28 0
2 21 7
3 34 16
t 1136 8
m 6 19
1 29 0
2 21 8
3 34 17
t 1135 8
m 6 19
1 30 0
2 21 9
3 34 16
t 1134 8
m 7 19
1 29 0
2 22 9
3 34 17
t 1133 8
m 6 19
1 28 0
2 23 9
3 34 18
t 1132 8
m 7 19
1 29 0
2 22 9
3 34 19
t 1131 8
m 7 19
1 30 0
2 23 9
3 33 19
t 1130 8
m 6 19
1 31 0
2 22 9
3 32 19
t 1129 8
m 6 19
1 30 0
2 23 9
3 33 19
t 1128 8
m 7 19
1 31 0
2 22 9
3 32 19
t 1127 8
m 7 19
1 32 0
2 21 9
3 31 19
t 1126 8
m 6 19
1 31 0
2 21 10
3 30 19
t 1125 8
m 7 19
1 30 0
2 21 11
3 29 19
t 1124 8
m 8 19
1 29 0
2 21 10
3 28 19
t 1123 8
m 8 19
1 30 0
2 21 11
3 27 19
t 1122 8
m 8 19
1 29 0
2 21 12
3 26 19
t 1121 8
m 8 19
1 28 0
2 20 12
3 27 19
t 1120 8
m 7 19
1 27 0
2 19 12
3 26 19
t 1119 8
m 8 19
1 28 0
2 18 12
3 27 19
t 1118 8
m 8 19
1 27 0
2 17 12
3 28 19
t 1117 8
m 7 19
1 28 0
2 18 12
3 27 19
t 1116 8
m 8 19
1 27 0
2 19 12
3 26 19
t 1115 8
m 7 19
1 26 0
2 18 12
3 25 19
t 1114 8
m 8 19
1 27 0
2 19 12
3 26 19
t 1113 8
m 8 19
1 26 0
2 18 12
3 27 19
t 1112 8
m 9 19
1 27 0
2 19 12
3 26 19
t 1111 9
m 10 19
1 26 0
2 18 12
3 25 19
t 1110 10
m 9 19
1 26 1
2 19 12
3 24 19
t 1109 10
m 10 19
1 26 2
2 18 12
3 25 19
t 1108 10
m 9 19
1 26 1
2 17 12
3 26 19
t 1107 10
m 10 19
1 26 2
2 18 12
3 27 19
t 1106 10
m 9 19
1 26 3
2 19 12
3 26 19
t 1105 10
m 9 19
1 26 2
2 20 12
3 27 19
t 1104 10
m 9 19
1 26 1
2 19 12
3 26 19
t 1103 10
m 10 19
1 26 0
2 20 12
3 27 19
t 1102 10
m 11 19
1 27 0
2 21 12
3 26 19
t 1101 10
m 12 19
1 28 0
2 21 11
3 25 19
t 1100 10
m 11 19
1 29 0
2 21 12
3 24 19
t 1099 10
m 11 19
1 30 0
2 20 12
3 25 19
t 1098 10
m 11 19
1 29 0
2 19 12
3 24 19
t 1097 10
m 10 19
1 30 0
2 18 12
3 25 19
t 1096 10
m 9 19
1 31 0
2 19 12
3 26 19
t 1095 10
m 9 19
1 30 0
2 20 12
3 27 19
t 1094 10
m 8 19
1 29 0
2 19 12
3 26 19
t 1093 10
m 7 19
1 28 0
2 20 12
3 25 19
t 1092 10
m 6 19
1 27 0
2 19 12
3 26 19
t 1091 10
m 5 19
1 26 0
2 20 12
3 27 19
t 1090 10
m 5 19
1 26 1
2 19 12
3 28 19
t 1089 10
m 4 19
1 26 0
2 20 12
3 29 19
t 1088 10
m 5 19
1 26 1
2 19 12
3 28 19
t 1087 10
m 4 19
1 26 0
2 18 12
3 29 19
t 1086 10
m 5 19
1 27 0
2 19 12
3 28 19
t 1085 10
m 5 19
1 26 0
2 18 12
3 29 19
t 1084 10
m 4 19
1 26 1
2 17 12
3 28 19
t 1083 10
m 4 19
1 26 2
2 18 12
3 27 19
t 1082 10
m 3 19
1 26 3
2 17 12
3 26 19
t 1081 10
m 2 19
1 26 4
2 16 12
3 27 19
t 1080 10
m 3 19
1 25 4
2 17 12
3 28 19
t 1079 10
m 3 19
1 24 4
2 16 12
3 29 19
t 1078 10
m 4 19
1 25 4
2 15 12
3 30 19
t 1077 10
m 4 19
1 26 4
2 16 12
3 31 19
t 1076 10
m 3 19
1 25 4
2 15 12
3 32 19
t 1075 10
m 2 19
1 26 4
2 14 12
3 31 19
t 1074 10
m 2 19
1 26 5
2 15 12
3 32 19
t 1073 10
m 2 19
1 26 4
2 16 12
3 33 19
t 1072 10
m 2 19
1 26 3
2 15 12
3 32 19
t 1071 10
m 3 19
1 26 2
2 16 12
3 31 19
t 1070 10
m 3 19
1 26 3
2 17 12
3 30 19
t 1069 10
m 3 19
1 26 2
2 16 12
3 31 19
t 1068 10
m 2 19
1 26 3
2 15 12
3 32 19
t 1067 10
m 2 19
1 26 4
2 16 12
3 33 19
t 1066 10
m 3 19
1 26 3
2 17 12
3 34 19
t 1065 10
m 3 19
1 26 2
2 16 12
3 34 18
t 1064 10
m 2 19
1 26 1
2 15 12
3 34 19
t 1063 10
m 1 19
1 26 0
2 14 12
3 33 19
t 1062 10
m 1 19
1 27 0
2 15 12
3 32 19
t 1061 10
m 1 19
1 26 0
2 14 12
3 33 19
t 1060 10
m 0 19
1 25 0
2 13 12
3 32 19
t 1059 10
m 0 19
1 26 0
2 12 12
3 31 19
t 1058 10
m 0 18
1 26 1
2 11 12
3 30 19
t 1057 10
m 0 19
1 26 0
2 11 11
3 29 19
t 1056 10
m 0 18
1 25 0
2 11 12
3 30 19
t 1055 10
m 0 19
1 24 0
2 11 11
3 29 19
t 1054 10
m 0 18
1 23 0
2 11 12
3 28 19
t 1053 10
m 0 18
1 24 0
2 11 11
3 29 19
t 1052 10
m 0 17
1 23 0
2 11 12
3 30 19
t 1051 10
m 0 16
1 22 0
2 11 13
3 31 19
t 1050 10
m 0 15
1 23 0
2 11 14
3 32 19
t 1049 10
m 0 15
1 24 0
2 11 13
3 33 19
t 1048 10
m 0 14
1 23 0
2 11 14
3 34 19
t 1047 10
m 0 14
1 24 0
2 11 13
3 33 19
t 1046 10
m 1 14
1 25 0
2 11 12
3 34 19
t 1045 10
m 1 14
1 26 0
2 11 11
3 34 18
t 1044 10
m 0 14
1 27 0
2 11 12
3 34 17
t 1043 10
m 0 15
1 26 0
2 10 12
3 34 18
t 1042 10
m 0 15
1 25 0
2 9 12
3 34 19
t 1041 10
m 0 16
1 26 0
2 10 12
3 33 19
t 1040 10
m 0 15
1 27 0
2 9 12
3 34 19
t 1039 10
m 0 16
1 28 0
2 10 12
3 34 18
t 1038 10
m 0 15
1 29 0
2 11 12
3 34 19
t 1037 10
m 0 15
1 30 0
2 11 11
3 33 19
t 1036 10
m 0 14
1 29 0
2 11 12
3 32 19
t 1035 10
m 0 14
1 28 0
2 11 11
3 33 19
t 1034 10
m 1 14
1 27 0
2 11 10
3 34 19
t 1033 10
m 0 14
1 26 0
2 11 9
3 33 19
t 1032 10
m 0 14
1 27 0
2 12 9
3 34 19
t 1031 10
m 0 14
1 28 0
2 13 9
3 34 18
t 1030 10
m 0 14
1 29 0
2 13 8
3 34 19
t 1029 10
m 0 15
1 28 0
2 13 9
3 34 18
t 1028 10
m 0 14
1 29 0
2 13 10
3 34 17
t 1027 10
m 1 14
1 28 0
2 13 9
3 34 16
t 1026 10
m 1 14
1 27 0
2 12 9
3 34 17
t 1025 10
m 1 14
1 26 0
2 11 9
3 34 18
t 1024 10
m 1 14
1 26 1
2 11 10
3 34 17
t 1023 10
m 0 14
1 26 2
2 11 11
3 34 18
t 1022 10
m 1 14
1 26 1
2 11 10
3 34 19
t 1021 10
m 1 14
1 26 0
2 11 11
3 33 19
t 1020 10
m 2 14
1 25 0
2 11 12
3 32 19
t 1019 10
m 2 14
1 26 0
2 11 11
3 31 19
t 1018 10
m 3 14
1 26 1
2 11 12
3 32 19
t 1017 10
m 3 14
1 26 0
2 10 12
3 31 19
t 1016 10
m 3 14
1 27 0
2 11 12
3 32 19
t 1015 10
m 3 14
1 26 0
2 11 11
3 33 19
t 1014 10
m 3 14
1 27 0
2 11 12
3 34 19
t 1013 10
m 2 14
1 28 0
2 10 12
3 33 19
t 1012 10
m 2 14
1 29 0
2 11 12
3 34 19
t 1011 10
m 1 14
1 30 0
2 11 11
3 33 19
t 1010 10
m 0 14
1 31 0
2 11 10
3 34 19
t 1009 10
m 0 14
1 32 0
2 11 9
3 34 18
t 1008 10
m 0 15
1 31 0
2 10 9
3 34 17
t 1007 10
m 0 15
1 32 0
2 9 9
3 34 16
t 1006 10
m 0 15
1 31 0
2 10 9
3 34 17
t 1005 10
m 0 16
1 30 0
2 9 9
3 34 18
t 1004 10
m 0 17
1 31 0
2 8 9
3 34 17
t 1003 10
m 0 18
1 32 0
2 9 9
3 34 18
t 1002 10
m 0 17
1 32 1
2 10 9
3 34 19
t 1001 10
m 0 17
1 32 2
2 10 8
3 33 19
t 1000 10
m 0 17
1 32 3
2 10 9
3 34 19
t 999 10
m 0 16
1 32 4
2 11 9
3 33 19
t 998 10
m 0 16
1 33 4
2 11 10
3 32 19
t 997 10
m 0 15
1 34 4
2 11 11
3 31 19
t 996 10
m 0 15
1 34 5
2 11 10
3 30 19
t 995 10
m 0 15
1 34 4
2 11 11
3 29 19
t 994 10
m 0 15
1 33 4
2 11 10
3 28 19
t 993 10
m 0 15
1 32 4
2 11 9
3 27 19
t 992 10
m 0 16
1 32 3
2 12 9
3 28 19
t 991 10
m 0 16
1 32 4
2 13 9
3 29 19
t 990 10
m 0 16
1 33 4
2 13 8
3 28 19
t 989 10
m 0 17
1 34 4
2 13 7
3 29 19
t 988 10
m 0 16
1 34 5
2 13 6
3 30 19
t 987 10
m 0 16
1 34 4
2 13 5
3 31 19
t 986 10
m 0 17
1 33 4
2 13 4
3 32 19
t 985 10
m 0 16
1 34 4
2 13 5
3 31 19
t 984 10
m 0 16
1 33 4
2 13 6
3 30 19
t 983 10
m 0 16
1 32 4
2 13 7
3 31 19
t 982 10
m 0 15
1 33 4
2 13 8
3 30 19
t 981 10
m 0 14
1 34 4
2 13 7
3 29 19
t 980 10
m 0 14
1 33 4
2 13 6
3 28 19
t 979 10
m 0 15
1 32 4
2 13 5
3 29 19
t 978 10
m 0 14
1 33 4
2 14 5
3 30 19
t 977 10
m 0 14
1 32 4
2 13 5
3 29 19
t 976 10
m 0 14
1 32 3
2 13 6
3 30 19
t 975 10
m 0 15
1 32 2
2 13 7
3 31 19
t 974 10
m 0 14
1 32 1
2 13 8
3 32 19
t 973 10
m 0 15
1 32 0
2 13 9
3 31 19
t 972 10
m 0 16
1 33 0
2 13 10
3 32 19
t 971 10
m 0 15
1 32 0
2 13 9
3 31 19
t 970 10
m 0 15
1 32 1
2 13 8
3 32 19
t 969 10
m 0 14
1 32 0
2 13 7
3 33 19
t 968 10
m 1 14
1 31 0
2 13 8
3 32 19
t 967 10
m 2 14
1 30 0
2 13 7
3 33 19
t 966 10
m 3 14
1 29 0
2 13 8
3 32 19
t 965 10
m 3 14
1 28 0
2 13 7
3 33 19
t 964 10
m 3 14
1 27 0
2 13 8
3 32 19
t 963 10
m 3 14
1 28 0
2 13 9
3 33 19
t 962 10
m 3 14
1 29 0
2 13 8
3 32 19
t 961 10
m 3 13
1 30 0
2 13 9
3 33 19
t 960 10
m 3 12
1 31 0
2 13 10
3 34 19
t 959 10
m 3 13
1 32 0
2 13 11
3 34 18
t 958 10
m 3 12
1 31 0
2 13 10
3 34 17
t 957 10
m 3 12
1 30 0
2 13 11
3 34 18
t 956 10
m 3 12
1 29 0
2 13 12
3 34 19
t 955 10
m 3 12
1 28 0
2 13 11
3 33 19
t 954 10
m 3 11
1 29 0
2 13 10
3 32 19
t 953 10
m 3 11
1 28 0
2 13 9
3 31 19
t 952 10
m 3 12
1 27 0
2 13 8
3 30 19
t 951 10
m 3 12
1 26 0
2 13 7
3 31 19
t 950 10
m 3 11
1 25 0
2 13 6
3 30 19
t 949 10
m 3 10
1 26 0
2 13 7
3 29 19
t 948 10
m 3 11
1 27 0
2 13 6
3 30 19
t 947 10
m 3 11
1 26 0
2 13 5
3 29 19
t 946 10
m 3 10
1 26 1
2 13 6
3 28 19
t 945 10
m 3 10
1 26 0
2 13 5
3 27 19
t 944 10
m 3 10
1 25 0
2 13 6
3 26 19
t 943 10
m 3 10
1 24 0
2 13 7
3 27 19
t 942 10
m 3 10
1 25 0
2 13 8
3 28 19
t 941 10
m 3 11
1 26 0
2 13 9
3 27 19
t 940 10
m 3 12
1 25 0
2 12 9
3 26 19
t 939 10
m 3 13
1 24 0
2 11 9
3 27 19
t 938 10
m 3 13
1 25 0
2 11 10
3 26 19
t 937 10
m 3 13
1 24 0
2 11 9
3 25 19
t 936 10
m 3 13
1 23 0
2 12 9
3 24 19
t 935 10
m 3 13
1 24 0
2 13 9
3 25 19
t 934 10
m 3 14
1 25 0
2 13 8
3 24 19
t 933 10
m 3 13
1 24 0
2 13 9
3 23 19
t 932 10
m 3 14
1 23 0
2 13 8
3 22 19
t 931 10
m 3 14
1 24 0
2 13 9
3 23 19
t 930 10
m 2 14
1 25 0
2 12 9
3 24 19
t 929 10
m 2 14
1 24 0
2 11 9
3 23 19
t 928 10
m 2 14
1 23 0
2 12 9
3 24 19
t 927 10
m 3 14
1 24 0
2 11 9
3 25 19
t 926 10
m 3 13
1 23 0
2 11 10
3 26 19
t 925 10
m 3 14
1 24 0
2 11 9
3 25 19
t 924 10
m 3 14
1 23 0
2 10 9
3 24 19
t 923 10
m 2 14
1 22 0
2 10 8
3 25 19
t 922 10
m 3 14
1 21 0
2 10 9
3 26 19
t 921 10
m 3 14
1 20 0
2 11 9
3 27 19
t 920 10
m 3 14
1 21 0
2 11 10
3 26 19
t 919 10
m 2 14
1 22 0
2 11 9
3 25 19
t 918 10
m 1 14
1 21 0
2 10 9
3 26 19
t 917 10
m 0 14
1 20 0
2 11 9
3 27 19
t 916 10
m 1 14
1 19 0
2 12 9
3 26 19
t 915 10
m 0 14
1 18 0
2 11 9
3 27 19
t 914 10
m 0 15
1 17 0
2 11 10
3 28 19
t 913 10
m 0 16
1 16 0
2 11 11
3 29 19
t 912 10
m 0 17
1 15 0
2 11 10
3 30 19
t 911 10
m 0 18
1 16 0
2 11 9
3 29 19
t 910 10
m 0 18
1 15 0
2 12 9
3 30 19
t 909 10
m 0 19
1 14 0
2 11 9
3 31 19
t 908 10
m 1 19
1 15 0
2 11 10
3 32 19
t 907 10
m 2 19
1 16 0
2 11 9
3 33 19
t 906 10
m 1 19
1 15 0
2 10 9
3 32 19
t 905 10
m 2 19
1 14 0
2 9 9
3 33 19
t 904 10
m 3 19
1 15 0
2 10 9
3 34 19
t 903 10
m 2 19
1 16 0
2 10 8
3 34 18
t 902 10
m 2 19
1 17 0
2 10 9
3 34 17
t 901 10
m 1 19
1 16 0
2 11 9
3 34 16
t 900 10
m 2 19
1 17 0
2 12 9
3 34 15
t 899 10
m 1 19
1 18 0
2 13 9
3 34 14
t 898 10
m 2 19
1 17 0
2 13 10
3 34 15
t 897 10
m 3 19
1 16 0
2 13 9
3 34 16
t 896 10
m 4 19
1 17 0
2 12 9
3 34 17
t 895 10
m 3 19
1 16 0
2 11 9
3 34 16
t 894 10
m 4 19
1 17 0
2 11 10
3 34 17
t 893 10
m 3 19
1 16 0
2 11 9
3 34 18
t 892 10
m 2 19
1 15 0
2 11 10
3 34 19
t 891 10
m 2 19
1 16 0
2 11 11
3 33 19
t 890 10
m 3 19
1 17 0
2 11 12
3 34 19
t 889 10
m 2 19
1 16 0
2 12 12
3 33 19
t 888 10
m 1 19
1 17 0
2 13 12
3 32 19
t 887 10
m 2 19
1 16 0
2 13 11
3 33 19
t 886 10
m 1 19
1 16 1
2 13 10
3 34 19
t 885 10
m 2 19
1 16 2
2 13 9
3 34 18
t 884 10
m 1 19
1 17 2
2 13 8
3 34 17
t 883 10
m 1 19
1 16 2
2 13 7
3 34 16
t 882 10
m 1 19
1 17 2
2 13 8
3 34 15
t 881 10
m 0 19
1 18 2
2 13 7
3 34 14
t 880 10
m 0 19
1 18 3
2 13 8
3 34 15
t 879 10
m 0 18
1 18 4
2 13 9
3 34 16
t 878 10
m 0 18
1 18 5
2 13 8
3 34 15
t 877 10
m 0 18
1 19 5
2 13 9
3 34 14
t 876 10
m 0 17
1 20 5
2 12 9
3 33 14
t 875 10
m 0 17
1 19 5
2 11 9
3 34 14
t 874 10
m 0 18
1 20 5
2 10 9
3 34 15
t 873 10
m 0 17
1 19 5
2 11 9
3 34 16
t 872 10
m 0 17
1 18 5
2 11 10
3 34 17
t 871 10
m 0 16
1 18 4
2 11 9
3 34 16
t 870 10
m 0 17
1 18 5
2 12 9
3 34 15
t 869 10
m 0 18
1 18 4
2 11 9
3 34 16
t 868 10
m 0 18
1 18 5
2 11 10
3 34 17
t 867 10
m 0 18
1 18 4
2 11 11
3 34 16
t 866 10
m 0 18
1 18 3
2 11 12
3 34 17
t 865 10
m 0 18
1 18 2
2 11 13
3 34 18
t 864 10
m 0 17
1 18 3
2 11 14
3 34 19
t 863 10
m 0 16
1 18 4
2 11 15
3 33 19
t 862 10
m 0 17
1 18 5
2 11 14
3 34 19
t 861 10
m 0 18
1 18 4
2 11 13
3 33 19
t 860 10
m 0 18
1 18 3
2 11 12
3 34 19
t 859 10
m 0 18
1 18 2
2 10 12
3 33 19
t 858 10
m 0 17
1 18 3
2 9 12
3 32 19
t 857 10
m 0 16
1 18 2
2 10 12
3 31 19
t 856 10
m 0 17
1 18 1
2 9 12
3 30 19
t 855 10
m 0 16
1 18 2
2 8 12
3 29 19
t 854 10
m 0 17
1 17 2
2 8 13
3 30 19
t 853 10
m 0 16
1 16 2
2 8 14
3 29 19
t 852 10
m 0 17
1 17 2
2 8 13
3 28 19
t 851 10
m 0 17
1 18 2
2 8 14
3 27 19
t 850 10
m 0 16
1 18 1
2 8 15
3 28 19
t 849 10
m 0 15
1 18 2
2 8 14
3 29 19
t 848 10
m 0 14
1 17 2
2 8 13
3 28 19
t 847 10
m 1 14
1 18 2
2 8 12
3 29 19
t 846 10
m 1 14
1 18 3
2 9 12
3 28 19
t 845 10
m 1 14
1 18 4
2 8 12
3 29 19
t 844 10
m 2 14
1 18 3
2 9 12
3 28 19
t 843 10
m 2 14
1 18 4
2 8 12
3 29 19
t 842 10
m 3 14
1 18 5
2 8 13
3 28 19
t 841 10
m 3 13
1 19 5
2 8 14
3 27 19
t 840 10
m 3 13
1 18 5
2 8 13
3 26 19
t 839 10
m 3 12
1 19 5
2 8 14
3 27 19
t 838 10
m 3 12
1 18 5
2 8 15
3 28 19
t 837 10
m 3 12
1 19 5
2 9 15
3 27 19
t 836 10
m 3 12
1 18 5
2 8 15
3 26 19
t 835 10
m 3 13
1 19 5
2 9 15
3 27 19
t 834 10
m 3 14
1 20 5
2 8 15
3 28 19
t 833 10
m 2 14
1 21 5
2 9 15
3 29 19
t 832 10
m 1 14
1 20 5
2 8 15
3 28 19
t 831 10
m 2 14
1 19 5
2 9 15
3 27 19
t 830 10
m 1 14
1 20 5
2 10 15
3 28 19
t 829 10
m 1 14
1 21 5
2 9 15
3 27 19
t 828 10
m 2 14
1 20 5
2 8 15
3 28 19
t 827 10
m 2 14
1 19 5
2 9 15
3 27 19
t 826 10
m 2 14
1 18 5
2 8 15
3 28 19
t 825 10
m 1 14
1 19 5
2 9 15
3 29 19
t 824 10
m 2 14
1 20 5
2 10 15
3 30 19
t 823 10
m 3 14
1 21 5
2 9 15
3 31 19
t 822 10
m 3 13
1 21 4
2 10 15
3 32 19
t 821 10
m 3 14
1 22 4
2 9 15
3 33 19
t 820 10
m 3 13
1 23 4
2 10 15
3 34 19
t 819 10
m 3 14
1 22 4
2 11 15
3 33 19
t 818 10
m 2 14
1 23 4
2 10 15
3 32 19
t 817 10
m 1 14
1 24 4
2 9 15
3 33 19
t 816 10
m 2 14
1 23 4
2 10 15
3 34 19
t 815 10
m 2 14
1 24 4
2 11 15
3 34 18
t 814 10
m 3 14
1 25 4
2 11 14
3 34 19
t 813 10
m 3 13
1 24 4
2 11 13
3 33 19
t 812 10
m 3 13
1 24 5
2 11 12
3 34 19
t 811 10
m 3 13
1 24 4
2 10 12
3 34 18
t 810 10
m 3 14
1 24 5
2 11 12
3 34 17
t 809 10
m 2 14
1 24 6
2 10 12
3 34 18
t 808 10
m 1 14
1 24 5
2 11 12
3 34 19
t 807 10
m 1 14
1 24 4
2 12 12
3 34 18
t 806 10
m 0 14
1 25 4
2 13 12
3 34 17
t 805 10
m 1 14
1 24 4
2 12 12
3 34 18
t 804 10
m 1 14
1 24 5
2 11 12
3 34 17
t 803 10
m 1 14
1 24 4
2 10 12
3 34 16
t 802 10
m 0 14
1 25 4
2 9 12
3 34 17
t 801 10
m 0 15
1 26 4
2 8 12
3 34 16
t 800 10
m 0 15
1 26 3
2 8 13
3 34 17
t 799 10
m 0 15
1 26 2
2 8 12
3 34 16
t 798 10
m 0 15
1 26 1
2 8 13
3 34 17
t 797 10
m 0 14
1 26 2
2 8 12
3 34 16
t 796 10
m 1 14
1 26 3
2 9 12
3 34 17
t 795 10
m 0 14
1 26 2
2 8 12
3 34 18
t 794 10
m 0 14
1 26 3
2 9 12
3 34 17
t 793 10
m 1 14
1 26 2
2 10 12
3 34 18
t 792 10
m 2 14
1 26 1
2 11 12
3 34 17
t 791 10
m 2 14
1 26 2
2 11 13
3 34 18
t 790 10
m 1 14
1 26 3
2 11 12
3 34 19
t 789 10
m 0 14
1 26 4
2 10 12
3 34 18
t 788 10
m 1 14
1 25 4
2 9 12
3 34 19
t 787 10
m 2 14
1 26 4
2 10 12
3 34 18
t 786 10
m 1 14
1 26 3
2 9 12
3 34 17
t 785 10
m 0 14
1 26 4
2 8 12
3 34 18
t 784 10
m 0 14
1 26 3
2 9 12
3 34 19
t 783 10
m 1 14
1 26 4
2 8 12
3 34 18
t 782 10
m 1 14
1 26 3
2 8 13
3 34 19
t 781 10
m 2 14
1 26 2
2 8 14
3 33 19
t 780 10
m 3 14
1 26 3
2 8 15
3 32 19
t 779 10
m 3 13
1 26 4
2 8 14
3 33 19
t 778 10
m 3 13
1 26 3
2 8 13
3 32 19
t 777 10
m 3 13
1 26 4
2 8 14
3 31 19
t 776 10
m 3 13
1 25 4
2 8 15
3 30 19
t 775 10
m 3 12
1 24 4
2 9 15
3 31 19
t 774 10
m 3 12
1 23 4
2 8 15
3 32 19
t 773 10
m 3 12
1 24 4
2 9 15
3 33 19
t 772 10
m 3 12
1 23 4
2 8 15
3 32 19
t 771 10
m 3 12
1 22 4
2 8 14
3 33 19
t 770 10
m 3 12
1 23 4
2 8 15
3 32 19
t 769 10
m 3 11
1 22 4
2 8 14
3 31 19
t 768 10
m 3 12
1 23 4
2 8 13
3 32 19
t 767 10
m 3 11
1 22 4
2 8 14
3 33 19
t 766 10
m 3 12
1 21 4
2 8 13
3 32 19
t 765 10
m 3 11
1 21 5
2 8 14
3 33 19
t 764 10
m 3 12
1 20 5
2 8 15
3 34 19
t 763 10
m 3 13
1 19 5
2 9 15
3 33 19
t 762 10
m 3 12
1 20 5
2 8 15
3 32 19
t 761 10
m 3 12
1 21 5
2 9 15
3 33 19
t 760 10
m 3 13
1 20 5
2 8 15
3 32 19
t 759 10
m 3 12
1 19 5
2 8 14
3 33 19
t 758 10
m 3 12
1 18 5
2 8 13
3 34 19
t 757 10
m 3 11
1 18 4
2 8 14
3 34 18
t 756 10
m 3 11
1 18 3
2 8 15
3 34 17
t 755 10
m 3 10
1 18 4
2 9 15
3 34 16
t 754 10
m 3 10
1 18 5
2 8 15
3 34 15
t 753 10
m 3 10
1 19 5
2 8 14
3 34 14
t 752 10
m 4 10
1 20 5
2 8 15
3 34 15
t 751 10
m 4 10
1 21 5
2 8 14
3 34 14
t 750 10
m 5 10
1 21 4
2 8 15
3 34 15
t 749 10
m 4 10
1 21 5
2 8 14
3 34 16
t 748 10
m 3 10
1 20 5
2 8 15
3 34 17
t 747 10
m 3 10
1 19 5
2 9 15
3 34 16
t 746 10
m 3 11
1 20 5
2 8 15
3 34 17
t 745 10
m 3 11
1 19 5
2 8 14
3 34 18
t 744 10
m 3 12
1 20 5
2 8 15
3 34 19
t 743 10
m 3 12
1 19 5
2 8 14
3 33 19
t 742 10
m 3 13
1 18 5
2 8 15
3 32 19
t 741 10
m 3 14
1 19 5
2 9 15
3 33 19
t 740 10
m 3 13
1 20 5
2 10 15
3 32 19
t 739 10
m 3 12
1 19 5
2 9 15
3 31 19
t 738 10
m 3 12
1 20 5
2 8 15
3 30 19
t 737 10
m 3 12
1 21 5
2 8 14
3 29 19
t 736 10
m 3 12
1 21 6
2 8 13
3 28 19
t 735 10
m 3 13
1 21 5
2 8 14
3 29 19
t 734 10
m 3 14
1 21 4
2 8 13
3 28 19
t 733 10
m 3 14
1 21 3
2 8 12
3 27 19
t 732 10
m 3 13
1 21 2
2 9 12
3 26 19
t 731 10
m 3 12
1 21 1
2 8 12
3 27 19
t 730 10
m 3 12
1 21 2
2 9 12
3 28 19
t 729 10
m 3 11
1 21 1
2 8 12
3 29 19
t 728 10
m 3 11
1 21 0
2 8 13
3 28 19
t 727 10
m 3 11
1 20 0
2 8 14
3 27 19
t 726 10
m 3 12
1 19 0
2 8 15
3 28 19
t 725 10
m 3 12
1 18 0
2 8 14
3 27 19
t 724 10
m 3 12
1 17 0
2 8 13
3 26 19
t 723 10
m 3 11
1 16 0
2 8 14
3 27 19
t 722 10
m 3 10
1 16 1
2 8 15
3 28 19
t 721 10
m 3 10
1 16 0
2 8 14
3 29 19
t 720 10
m 3 11
1 17 0
2 8 13
3 28 19
t 719 10
m 3 11
1 18 0
2 8 14
3 29 19
t 718 10
m 3 11
1 19 0
2 8 15
3 30 19
t 717 10
m 3 10
1 18 0
2 9 15
3 31 19
t 716 10
m 3 10
1 17 0
2 8 15
3 30 19
t 715 10
m 3 11
1 18 0
2 9 15
3 31 19
t 714 10
m 3 12
1 19 0
2 8 15
3 30 19
t 713 10
m 3 11
1 18 0
2 8 14
3 29 19
t 712 10
m 3 10
1 19 0
2 8 13
3 28 19
t 711 10
m 4 10
1 18 0
2 8 12
3 27 19
t 710 10
m 4 10
1 19 0
2 9 12
3 26 19
t 709 10
m 5 10
1 18 0
2 10 12
3 27 19
t 708 10
m 4 10
1 17 0
2 9 12
3 26 19
t 707 10
m 5 10
1 18 0
2 10 12
3 27 19
t 706 10
m 4 10
1 19 0
2 11 12
3 28 19
t 705 10
m 4 10
1 20 0
2 12 12
3 27 19
t 704 10
m 5 10
1 19 0
2 11 12
3 28 19
t 703 10
m 5 9
1 20 0
2 10 12
3 27 19
t 702 10
m 5 9
1 19 0
2 9 12
3 28 19
t 701 10
m 5 8
1 18 0
2 8 12
3 27 19
t 700 10
m 5 9
1 17 0
2 9 12
3 28 19
t 699 10
m 5 9
1 18 0
2 8 12
3 27 19
t 698 10
m 5 8
1 17 0
2 9 12
3 26 19
t 697 10
m 5 9
1 16 0
2 8 12
3 27 19
t 696 10
m 5 10
1 15 0
2 8 13
3 28 19
t 695 10
m 5 10
1 16 0
2 8 12
3 27 19
t 694 10
m 5 10
1 16 1
2 8 13
3 28 19
t 693 10
m 5 9
1 16 2
2 8 14
3 27 19
t 692 10
m 5 9
1 16 1
2 8 15
3 26 19
t 691 10
m 5 8
1 16 0
2 8 14
3 25 19
t 690 10
m 5 8
1 16 1
2 8 15
3 26 19
t 689 10
m 5 7
1 16 0
2 8 14
3 27 19
t 688 10
m 5 7
1 17 0
2 8 13
3 26 19
t 687 10
m 5 6
1 18 0
2 8 12
3 27 19
t 686 11
m 4 6
1 17 0
2 8 13
3 28 19
t 685 12
m 3 6
1 18 0
2 8 14
3 29 19
t 684 12
m 2 6
1 19 0
2 8 13
3 30 19
t 683 13
m 1 6
1 20 0
2 8 14
3 31 19
t 682 13
m 2 6
1 21 0
2 8 15
3 30 19
t 681 13
m 3 6
1 21 1
2 9 15
3 31 19
t 680 13
m 4 6
1 21 0
2 10 15
3 32 19
t 679 13
m 4 6
1 22 0
2 9 15
3 31 19
t 678 13
m 5 6
1 21 0
2 8 15
3 30 19
t 677 13
m 4 6
1 22 0
2 8 14
3 31 19
t 676 13
m 3 6
1 21 0
2 8 13
3 30 19
t 675 13
m 4 6
1 20 0
2 8 14
3 29 19
t 674 13
m 5 6
1 21 0
2 8 15
3 28 19
t 673 13
m 5 6
1 22 0
2 9 15
3 27 19
t 672 13
m 5 6
1 21 0
2 10 15
3 28 19
t 671 13
m 4 6
1 21 1
2 11 15
3 29 19
t 670 13
m 5 6
1 21 2
2 10 15
3 28 19
t 669 13
m 5 6
1 21 1
2 9 15
3 29 19
t 668 13
m 4 6
1 21 0
2 8 15
3 30 19
t 667 13
m 3 6
1 20 0
2 9 15
3 31 19
t 666 13
m 2 6
1 19 0
2 10 15
3 32 19
t 665 13
m 2 6
1 18 0
2 9 15
3 33 19
t 664 13
m 3 6
1 17 0
2 10 15
3 32 19
t 663 13
m 4 6
1 18 0
2 9 15
3 33 19
t 662 13
m 3 6
1 17 0
2 10 15
3 34 19
t 661 13
m 4 6
1 16 0
2 11 15
3 33 19
t 660 13
m 3 6
1 15 0
2 10 15
3 32 19
t 659 13
m 3 6
1 14 0
2 11 15
3 31 19
t 658 13
m 4 6
1 15 0
2 11 16
3 30 19
t 657 13
m 5 6
1 14 0
2 12 16
3 29 19
t 656 13
m 4 6
1 13 0
2 13 16
3 28 19
t 655 13
m 5 6
1 14 0
2 14 16
3 29 19
t 654 13
m 4 6
1 13 0
2 13 16
3 28 19
t 653 13
m 4 6
1 14 0
2 13 15
3 29 19
t 652 13
m 5 6
1 15 0
2 13 16
3 30 19
t 651 13
m 5 6
1 14 0
2 12 16
3 31 19
t 650 13
m 5 6
1 13 0
2 13 16
3 30 19
t 649 13
m 5 7
1 12 0
2 14 16
3 29 19
t 648 13
m 5 7
1 13 0
2 13 16
3 28 19
t 647 13
m 5 6
1 14 0
2 14 16
3 29 19
t 646 13
m 5 7
1 15 0
2 15 16
3 30 19
t 645 13
m 5 8
1 16 0
2 14 16
3 29 19
t 644 13
m 5 8
1 16 1
2 15 16
3 28 19
t 643 13
m 5 9
1 16 2
2 16 16
3 29 19
t 642 13
m 5 9
1 16 1
2 17 16
3 30 19
t 641 13
m 5 8
1 16 2
2 16 16
3 31 19
t 640 13
m 5 8
1 16 3
2 15 16
3 32 19
t 639 13
m 5 9
1 16 2
2 16 16
3 33 19
t 638 13
m 5 9
1 17 2
2 17 16
3 34 19
t 637 13
m 5 8
1 16 2
2 16 16
3 34 18
t 636 13
m 5 7
1 16 1
2 15 16
3 34 17
t 635 13
m 5 6
1 16 2
2 14 16
3 34 16
t 634 13
m 5 7
1 16 3
2 13 16
3 34 15
t 633 13
m 5 7
1 16 2
2 12 16
3 34 16
t 632 13
m 5 6
1 16 3
2 13 16
3 34 17
t 631 13
m 4 6
1 16 2
2 12 16
3 34 16
t 630 13
m 5 6
1 17 2
2 12 17
3 34 17
t 629 13
m 5 7
1 18 2
2 12 16
3 34 16
t 628 13
m 5 8
1 17 2
2 12 17
3 34 15
t 627 13
m 5 7
1 18 2
2 12 18
3 34 16
t 626 13
m 5 6
1 17 2
2 12 19
3 34 15
t 625 13
m 5 6
1 16 2
2 11 19
3 34 16
t 624 13
m 4 6
1 16 3
2 12 19
3 34 17
t 623 13
m 5 6
1 16 4
2 12 18
3 34 16
t 622 13
m 5 7
1 16 3
2 12 17
3 34 17
t 621 13
m 5 7
1 16 2
2 12 18
3 34 18
t 620 13
m 5 6
1 16 1
2 12 17
3 34 19
t 619 13
m 4 6
1 16 0
2 12 18
3 34 18
t 618 13
m 5 6
1 17 0
2 12 19
3 34 17
t 617 13
m 5 6
1 18 0
2 12 18
3 34 18
t 616 13
m 5 7
1 18 1
2 12 19
3 34 19
t 615 13
m 5 6
1 18 2
2 11 19
3 34 18
t 614 13
m 5 7
1 18 1
2 10 19
3 34 19
t 613 13
m 5 8
1 18 2
2 11 19
3 34 18
t 612 13
m 5 7
1 18 3
2 12 19
3 34 19
t 611 13
m 5 6
1 18 2
2 12 18
3 33 19
t 610 13
m 5 6
1 18 3
2 12 17
3 32 19
t 609 13
m 5 7
1 18 2
2 12 18
3 33 19
t 608 13
m 5 8
1 18 1
2 12 17
3 32 19
t 607 13
m 5 9
1 18 0
2 12 18
3 31 19
t 606 13
m 5 10
1 19 0
2 12 19
3 30 19
t 605 13
m 5 10
1 20 0
2 11 19
3 29 19
t 604 13
m 5 10
1 21 0
2 10 19
3 28 19
t 603 13
m 5 9
1 22 0
2 9 19
3 27 19
t 602 13
m 5 8
1 21 0
2 8 19
3 28 19
t 601 13
m 5 8
1 22 0
2 7 19
3 29 19
t 600 13
m 5 8
1 21 0
2 6 19
3 28 19
t 599 13
m 5 7
1 22 0
2 7 19
3 29 19
t 598 13
m 5 7
1 21 0
2 6 19
3 30 19
t 597 13
m 5 7
1 22 0
2 5 19
3 31 19
t 596 13
m 5 8
1 23 0
2 4 19
3 30 19
t 595 13
m 5 9
1 24 0
2 5 19
3 31 19
t 594 13
m 5 10
1 25 0
2 4 19
3 30 19
t 593 13
m 4 10
1 24 0
2 5 19
3 31 19
t 592 13
m 3 10
1 23 0
2 6 19
3 32 19
t 591 13
m 4 10
1 24 0
2 7 19
3 33 19
t 590 13
m 5 10
1 23 0
2 6 19
3 32 19
t 589 13
m 5 9
1 22 0
2 7 19
3 33 19
t 588 13
m 5 8
1 23 0
2 8 19
3 34 19
t 587 13
m 5 9
1 22 0
2 9 19
3 34 18
t 586 13
m 5 8
1 23 0
2 8 19
3 34 19
t 585 13
m 5 9
1 22 0
2 7 19
3 34 18
t 584 13
m 5 10
1 21 0
2 8 19
3 34 19
t 583 13
m 4 10
1 21 1
2 9 19
3 33 19
t 582 13
m 5 10
1 21 0
2 8 19
3 34 19
t 581 13
m 5 9
1 21 1
2 9 19
3 33 19
t 580 13
m 5 8
1 21 0
2 8 19
3 34 19
t 579 13
m 5 9
1 20 0
2 7 19
3 33 19
t 578 13
m 5 8
1 21 0
2 6 19
3 32 19
t 577 13
m 5 9
1 22 0
2 5 19
3 33 19
t 576 13
m 5 9
1 21 0
2 4 19
3 34 19
t 575 13
m 5 10
1 22 0
2 5 19
3 34 18
t 574 13
m 5 9
1 21 0
2 4 19
3 34 19
t 573 13
m 5 9
1 21 1
2 5 19
3 33 19
t 572 13
m 5 8
1 21 2
2 4 19
3 34 19
t 571 13
m 5 9
1 21 1
2 5 19
3 34 18
t 570 13
m 5 10
1 21 2
2 4 19
3 34 19
t 569 13
m 4 10
1 21 1
2 5 19
3 34 18
t 568 13
m 3 10
1 21 0
2 6 19
3 34 17
t 567 13
m 3 10
1 20 0
2 5 19
3 34 16
t 566 13
m 3 10
1 21 0
2 6 19
3 34 15
t 565 13
m 3 11
1 22 0
2 7 19
3 34 14
t 564 13
m 3 11
1 21 0
2 8 19
3 33 14
t 563 13
m 3 10
1 21 1
2 9 19
3 34 14
t 562 13
m 3 10
1 21 2
2 8 19
3 34 15
t 561 13
m 3 10
1 21 1
2 9 19
3 34 14
t 560 13
m 4 10
1 21 2
2 10 19
3 34 15
t 559 13
m 5 10
1 21 3
2 11 19
3 34 16
t 558 13
m 4 10
1 21 2
2 10 19
3 34 17
t 557 13
m 4 10
1 21 1
2 11 19
3 34 18
t 556 13
m 3 10
1 21 2
2 10 19
3 34 17
t 555 13
m 3 11
1 21 1
2 11 19
3 34 16
t 554 13
m 3 12
1 21 2
2 10 19
3 34 15
t 553 13
m 3 13
1 21 1
2 9 19
3 34 16
t 552 13
m 3 13
1 21 0
2 8 19
3 34 17
t 551 13
m 3 14
1 21 1
2 7 19
3 34 18
t 550 13
m 2 14
1 21 0
2 8 19
3 34 19
t 549 13
m 1 14
1 20 0
2 7 19
3 34 18
t 548 13
m 0 14
1 21 0
2 8 19
3 34 17
t 547 13
m 0 14
1 21 1
2 9 19
3 34 16
t 546 13
m 0 15
1 21 2
2 10 19
3 34 15
t 545 13
m 0 15
1 21 1
2 9 19
3 34 16
t 544 13
m 0 16
1 21 2
2 8 19
3 34 15
t 543 13
m 0 17
1 21 1
2 7 19
3 34 16
t 542 13
m 0 18
1 21 2
2 6 19
3 34 15
t 541 13
m 0 18
1 21 1
2 7 19
3 34 14
t 540 13
m 0 17
1 21 0
2 6 19
3 34 15
t 539 13
m 0 16
1 22 0
2 7 19
3 34 14
t 538 13
m 0 15
1 21 0
2 8 19
3 34 15
t 537 13
m 0 15
1 22 0
2 7 19
3 34 14
t 536 13
m 0 14
1 23 0
2 8 19
3 33 14
t 535 13
m 0 14
1 24 0
2 9 19
3 32 14
t 534 13
m 0 15
1 23 0
2 10 19
3 31 14
t 533 13
m 0 14
1 24 0
2 11 19
3 31 13
t 532 13
m 0 14
1 23 0
2 10 19
3 31 14
t 531 13
m 0 15
1 22 0
2 11 19
3 31 13
t 530 13
m 0 15
1 21 0
2 10 19
3 31 12
t 529 13
m 0 15
1 20 0
2 9 19
3 31 13
t 528 13
m 0 16
1 19 0
2 10 19
3 31 14
t 527 13
m 0 15
1 18 0
2 11 19
3 31 13
t 526 13
m 0 16
1 18 1
2 10 19
3 31 12
t 525 13
m 0 17
1 18 0
2 11 19
3 31 11
t 524 13
m 0 17
1 18 1
2 12 19
3 31 10
t 523 13
m 0 17
1 18 0
2 11 19
3 31 11
t 522 13
m 0 16
1 19 0
2 10 19
3 31 12
t 521 13
m 0 15
1 18 0
2 9 19
3 31 13
t 520 13
m 0 16
1 17 0
2 8 19
3 31 12
t 519 13
m 0 15
1 16 0
2 9 19
3 31 13
t 518 13
m 0 14
1 15 0
2 8 19
3 31 14
t 517 13
m 0 15
1 14 0
2 7 19
3 31 13
t 516 13
m 0 15
1 15 0
2 8 19
3 31 12
t 515 13
m 0 16
1 16 0
2 7 19
3 31 13
t 514 13
m 0 15
1 16 1
2 6 19
3 31 12
t 513 13
m 0 15
1 16 2
2 5 19
3 31 11
t 512 13
m 0 16
1 16 1
2 6 19
3 31 10
t 511 13
m 0 15
1 16 2
2 7 19
3 31 11
t 510 13
m 0 14
1 16 1
2 6 19
3 31 12
t 509 13
m 0 15
1 16 2
2 5 19
3 31 11
t 508 13
m 0 14
1 16 1
2 4 19
3 31 12
t 507 13
m 0 15
1 16 2
2 3 19
3 31 11
t 506 13
m 0 16
1 16 3
2 4 19
3 31 10
t 505 13
m 0 17
1 16 4
2 3 19
3 30 10
t 504 13
m 0 17
1 16 3
2 2 19
3 31 10
t 503 13
m 0 17
1 16 4
2 3 19
3 31 11
t 502 13
m 0 18
1 16 5
2 4 19
3 31 10
t 501 13
m 0 17
1 15 5
2 3 19
3 31 11
t 500 13
m 0 17
1 14 5
2 2 19
3 31 12
t 499 13
m 0 18
1 13 5
2 1 19
3 31 13
t 498 13
m 0 19
1 13 4
2 2 19
3 31 12
t 497 13
m 0 18
1 13 5
2 1 19
3 31 11
t 496 13
m 0 19
1 13 6
2 0 19
3 31 12
t 495 13
